name,position,nba_3ptpct,ncaa_3ptapg,ncaa_3ptpct,ncaa_3ptpg,ncaa_fgapg,ncaa_fgpct,ncaa_fgpg,ncaa_ft,ncaa_ftapg,ncaa_ftpg,ncaa_games,ncaa_ppg,nba_career_3ptatt,elite_3pt_shooter,good_3pt_shooter
Mahmoud Abdul-Rauf,G,0.354,7.2,0.372,2.7,21.9,0.474,10.4,0.863,6.4,5.5,64,29,1347.8,0,1
Shareef Abdur-Rahim,F,0.297,0.8,0.381,0.3,14.2,0.518,7.4,0.683,8.9,6.1,28,21.1,498,0,0
Alex Acker,G,0.32,3.3,0.411,1.4,11.2,0.457,5.1,0.823,3.5,2.9,88,14.5,24,0,0
Quincy Acy,F,0.355,0.1,0.429,0,6,0.602,3.6,0.708,3.6,2.5,139,9.8,487.5,0,1
Jordan Adams,G,0.385,4.3,0.331,1.4,11.6,0.467,5.4,0.839,5,4.2,69,16.4,25.6,0,1
Arron Afflalo,G,0.386,5.4,0.373,2,10.9,0.457,5,0.781,3.6,2.8,104,14.8,2206.9,0,1
Maurice Ager,G,0.25,4.3,0.38,1.6,9.6,0.441,4.2,0.775,3.2,2.5,124,12.5,41,0,0
Blake Ahearn,G,0.298,5.2,0.408,2.1,8.9,0.423,3.7,0.946,3.6,3.4,129,13,47.5,0,0
Mark Alarie,F,0.252,0.1,0,0,11.3,0.55,6.2,0.797,4.5,3.6,133,16.1,130,0,0
Cory Alexander,G,0.354,5,0.336,1.7,12.6,0.427,5.4,0.693,3.8,2.7,85,15.1,675.4000000000001,0,1
Courtney Alexander,G,0.339,4.1,0.362,1.5,15.8,0.456,7.2,0.767,3.9,3,112,18.9,112.2,0,1
Joe Alexander,F,0.34,2.1,0.295,0.6,10,0.447,4.5,0.765,3.3,2.5,82,12.1,46.9,0,1
Victor Alexander,C-F,0.286,0,0,0,11.5,0.611,7,0.635,4.8,3,111,17,57.2,0,0
Steve Alford,G,0.324,5.9,0.53,3.1,13.5,0.533,7.2,0.898,4.8,4.3,125,19.5,101.39999999999999,0,0
Jerome Allen,G,0.317,4.8,0.343,1.6,11.1,0.417,4.6,0.722,3.8,2.8,109,13.7,128.70000000000002,0,0
Ray Allen,G,0.4,5.1,0.448,2.3,14.3,0.487,7,0.779,3.5,2.8,101,19,7410,1,1
Tony Allen,G-F,0.282,2.2,0.347,0.8,11.5,0.477,5.5,0.682,5.2,3.5,67,15.3,410,0,0
Morris Almond,G,0.292,2.9,0.435,1.3,10.5,0.492,5.2,0.824,4.2,3.5,121,15.1,22.8,0,0
Rafer Alston,G,0.354,5.9,0.337,2,9.4,0.401,3.8,0.758,2,1.5,33,11,2818.2000000000003,0,1
Al-Farouq Aminu,F,0.337,1.7,0.238,0.4,10.6,0.476,5,0.687,5.7,3.9,62,14.4,1291.4,0,1
Alan Anderson,G-F,0.344,1,0.366,0.4,6.1,0.503,3,0.831,3.6,3,126,9.5,957,0,1
Derek Anderson,G,0.341,2.5,0.364,0.9,8.5,0.482,4.1,0.805,4,3.2,99,12.4,1906.5,0,1
James Anderson,G-F,0.321,5.9,0.375,2.2,12.6,0.46,5.8,0.797,5.2,4.2,101,17.9,617.5,0,0
Justin Anderson,G,0.296,2.8,0.357,1,6.8,0.43,2.9,0.752,2.7,2,98,8.9,367.40000000000003,0,0
Kenny Anderson,G,0.346,4.6,0.374,1.7,18.2,0.473,8.6,0.787,5.1,4,65,23,1544.4,0,1
Kyle Anderson,F-G,0.336,1.4,0.375,0.5,9.4,0.452,4.3,0.736,4.3,3.1,71,12.2,153,0,1
Nick Anderson,F-G,0.356,1,0.361,0.4,12.7,0.553,7,0.657,3.9,2.6,69,17,2960,0,1
Ron Anderson,F-G,0.287,0,0,0,12.7,0.56,7.1,0.802,3.4,2.7,68,16.9,398.4,0,0
Ryan Anderson,F,0.382,4.7,0.396,1.8,13.1,0.484,6.3,0.841,5,4.2,66,18.7,3421,0,1
Shandon Anderson,F-G,0.316,1.4,0.291,0.4,9.9,0.498,4.9,0.634,4.1,2.6,118,12.9,1006.5999999999999,0,0
Willie Anderson,G-F,0.266,1.7,0.324,0.5,10.2,0.501,5.1,0.784,2.6,2.1,107,12.6,388.5,0,0
Carmelo Anthony,F,0.348,4.7,0.337,1.6,17.5,0.453,7.9,0.706,6.8,4.8,35,22.2,3892.4,0,1
Greg Anthony,G,0.349,3.3,0.379,1.2,9.7,0.437,4.3,0.707,4,2.8,138,12.6,1741.1,0,1
OG Anunoby,F,0.366,1.5,0.365,0.5,4.8,0.563,2.7,0.522,1.8,0.9,50,6.8,194.4,0,1
Ryan Arcidiacono,G,0.292,5.1,0.358,1.8,8.5,0.397,3.4,0.8,3.2,2.6,144,11.1,24.200000000000003,0,0
Gilbert Arenas,G,0.351,4.2,0.361,1.5,12.1,0.466,5.6,0.738,4,3,70,15.8,3091.2,0,1
Trevor Ariza,F,0.354,3,0.237,0.7,10,0.426,4.3,0.504,4.5,2.3,25,11.6,3669.9,0,1
B.J. Armstrong,G,0.425,3,0.443,1.3,9.1,0.492,4.5,0.831,3.7,3.1,130,13.1,1045.8,1,1
Brandon Armstrong,G,0.333,5.6,0.391,2.2,15.1,0.439,6.6,0.824,3.2,2.7,65,18.1,75.6,0,1
Darrell Arthur,F,0.352,0.2,0.118,0,8.7,0.541,4.7,0.676,2.7,1.8,78,11.3,452.7,0,1
Jamel Artis,G-F,0.296,3.3,0.378,1.3,9.1,0.47,4.3,0.759,3.6,2.7,135,12.6,27.3,0,0
Vincent Askew,G-F,0.3,1.2,0.381,0.5,8.9,0.492,4.4,0.751,3.2,2.4,103,11.4,233.5,0,0
Keith Askins,G-F,0.355,2.1,0.4,0.8,5.2,0.446,2.3,0.658,1.7,1.1,128,6.7,777.6,0,1
Chucky Atkins,G,0.364,6.1,0.362,2.2,11.6,0.41,4.7,0.737,3.9,2.9,111,14.6,2575.2000000000003,0,1
D.J. Augustin,G,0.376,4.1,0.402,1.6,12.2,0.443,5.4,0.808,5.5,4.4,73,16.9,2389.2,0,1
William Avery,G,0.255,4,0.369,1.5,8.7,0.47,4.1,0.784,2.8,2.2,74,11.9,156.20000000000002,0,0
Kelenna Azubuike,G,0.409,2.6,0.373,1,7.5,0.485,3.6,0.752,2.3,1.7,97,10,520,1,1
Luke Babbitt,F,0.402,2.6,0.421,1.1,13.6,0.48,6.5,0.893,5.8,5.2,68,19.4,990.6,1,1
Dwayne Bacon,G,0.256,4.1,0.312,1.3,13.5,0.449,6.1,0.733,4.2,3.1,69,16.5,42.400000000000006,0,0
Ron Baker,G,0.286,5.3,0.369,2,9.7,0.433,4.2,0.801,3.5,2.8,124,13.2,121.5,0,0
Vin Baker,F,0.215,2.2,0.3,0.7,16.2,0.475,7.7,0.637,6.2,4,112,20,158.20000000000002,0,0
Wade Baldwin,G,0.259,2.9,0.422,1.2,8,0.431,3.4,0.8,4.4,3.5,68,11.6,27.299999999999997,0,0
Renaldo Balkman,F,0.172,0.5,0.291,0.2,5.5,0.553,3,0.533,2.2,1.2,104,7.4,66.3,0,0
Lonzo Ball,G,0.305,5.4,0.412,2.2,9.5,0.551,5.3,0.673,2.7,1.8,36,14.6,296.40000000000003,0,0
Marcus Banks,G,0.327,3.1,0.33,1,12.2,0.495,6,0.731,6.8,5,63,18.1,382.8,0,0
J.J. Barea,G,0.354,7,0.321,2.3,17.1,0.404,6.9,0.764,5.5,4.2,113,20.3,2139.2,0,1
Harrison Barnes,F,0.367,4.4,0.349,1.5,13.6,0.43,5.8,0.734,4.3,3.1,75,16.3,1296.3999999999999,0,1
Matt Barnes,F,0.335,1.6,0.314,0.5,7.1,0.469,3.3,0.566,2.9,1.7,121,8.8,2972.8,0,1
Andre Barrett,G,0.246,5.7,0.351,2,12.4,0.415,5.1,0.773,3.9,3,122,15.3,67,0,0
Dana Barros,G,0.411,7.4,0.432,3.2,14.6,0.473,6.9,0.841,4,3.4,119,19.7,2635,1,1
Brent Barry,G,0.405,3.5,0.345,1.2,8.4,0.48,4,0.794,3.5,2.8,108,12.1,3465.6,1,1
Drew Barry,G,0.381,4.1,0.369,1.5,7.8,0.447,3.5,0.778,2.8,2.2,117,10.7,66,0,1
Jon Barry,G,0.392,5.7,0.371,2.1,12.1,0.421,5.1,0.717,2.9,2.1,94,14.4,1642,0,1
Will Barton,G,0.339,3.6,0.299,1.1,12,0.471,5.7,0.733,3.7,2.7,70,15.2,1139.7,0,1
Mike Batiste,F,0.222,2,0.301,0.6,11.9,0.497,5.9,0.654,3.5,2.3,76,14.7,82.5,0,0
Shane Battier,F,0.384,4.1,0.416,1.7,8.9,0.5,4.5,0.777,3.8,3,146,13.6,3224.1,0,1
John Battle,G,0.273,1.3,0.342,0.4,9.6,0.488,4.7,0.707,3.6,2.5,114,11.9,244.8,0,0
Kenny Battle,F,0.133,0.3,0.5,0.1,11.6,0.569,6.6,0.686,6.6,4.5,123,17.8,26.8,0,0
Jerryd Bayless,G,0.366,4.8,0.407,2,12.6,0.458,5.8,0.839,7.4,6.2,30,19.7,1269.6,0,1
Kent Bazemore,G-F,0.36,2.1,0.334,0.7,8.3,0.447,3.7,0.581,3.5,2,140,10.1,1123.2,0,1
Bradley Beal,G,0.394,5,0.339,1.7,10.6,0.445,4.7,0.769,4.7,3.6,37,14.8,2181.6000000000004,0,1
Malik Beasley,G,0.336,4.2,0.387,1.6,11.6,0.471,5.4,0.813,3.8,3.1,34,15.6,109.2,0,1
Michael Beasley,F,0.353,2.9,0.379,1.1,17.5,0.532,9.3,0.774,8.5,6.5,33,26.2,813.4,0,1
Charlie Bell,G,0.361,2.6,0.343,0.9,8.5,0.439,3.7,0.782,2.8,2.2,140,10.5,1203.2,0,1
DeAndre' Bembry,F,0.25,3.8,0.312,1.2,12.6,0.457,5.7,0.628,4.9,3.1,101,15.7,50.400000000000006,0,0
Corey Benjamin,G,0.289,4.4,0.305,1.3,13,0.491,6.4,0.688,4.9,3.4,48,17.5,198.9,0,0
Anthony Bennett,F,0.261,2.7,0.375,1,10.8,0.533,5.8,0.701,5.1,3.5,35,16.1,135.9,0,0
David Benoit,F,0.319,0.3,0.435,0.2,8.7,0.511,4.4,0.75,2.2,1.6,66,10.6,639.6,0,0
Travis Best,G,0.345,5.3,0.393,2.1,12.4,0.456,5.7,0.809,3.9,3.2,124,16.6,778.8000000000001,0,1
Patrick Beverley,G,0.376,5.2,0.382,2,9.7,0.42,4.1,0.73,3.9,2.8,70,13,1328.8000000000002,0,1
Mike Bibby,G,0.379,5.3,0.39,2.1,11.4,0.456,5.2,0.73,3.9,2.9,69,15.4,4004,0,1
Chauncey Billups,G,0.387,5.7,0.382,2.2,13.1,0.413,5.4,0.857,6.5,5.6,55,18.5,4693.5,0,1
Steve Blake,G,0.383,3.5,0.381,1.3,6.8,0.401,2.7,0.771,2,1.5,138,8.3,2697,0,1
Antonio Blakeney,G,0.288,4.7,0.347,1.6,11.7,0.444,5.2,0.736,3.8,2.8,64,14.8,51.300000000000004,0,0
Lance Blanks,G,0.253,4.8,0.36,1.7,10.5,0.429,4.5,0.729,3.8,2.8,104,13.3,71,0,0
Mookie Blaylock,G,0.336,6,0.379,2.3,15.2,0.457,6.9,0.668,2.9,1.9,74,18.1,3822.7,0,1
Eric Bledsoe,G,0.337,3.5,0.383,1.3,8.4,0.462,3.9,0.667,3.3,2.2,37,11.3,1421,0,1
Mark Blount,C,0.359,0,0.5,0,5.2,0.466,2.4,0.518,3,1.6,56,6.4,121,0,1
Keith Bogans,G-F,0.353,5.5,0.342,1.9,11.4,0.437,5,0.688,3.5,2.4,135,14.2,2013,0,1
Muggsy Bogues,G,0.278,2.7,0.443,1.2,6.9,0.473,3.2,0.749,2,1.5,119,8.3,355.6,0,0
Walter Bond,G,0.299,0.9,0.256,0.2,6.2,0.48,3,0.635,1.7,1.1,103,7.3,137.70000000000002,0,0
Matt Bonner,F,0.414,3.2,0.395,1.3,8.8,0.503,4.4,0.74,2.5,1.9,131,12,1900.8,1,1
Devin Booker,G,0.365,3.7,0.411,1.5,7.6,0.47,3.6,0.828,1.7,1.4,38,10,1081.6000000000001,0,1
Melvin Booker,G,0.268,3.7,0.392,1.5,9.7,0.466,4.5,0.789,3.9,3.1,125,13.6,57.6,0,0
Trevor Booker,F,0.307,0.5,0.324,0.2,9.2,0.559,5.1,0.624,3.9,2.4,134,12.9,265.5,0,0
Chris Bosh,F-C,0.335,1.5,0.478,0.7,9.7,0.56,5.4,0.73,5.6,4.1,31,15.6,893,0,1
Bruce Bowen,F,0.393,1.5,0.283,0.4,8.8,0.433,3.8,0.695,4.9,3.4,101,11.4,2095.2,0,1
Donnie Boyce,G,0.25,3.9,0.308,1.2,15.4,0.421,6.5,0.666,6.7,4.5,107,18.6,24,0,0
Earl Boykins,G,0.348,4.2,0.353,1.5,14.2,0.439,6.2,0.803,5.2,4.2,122,18.1,1108.3999999999999,0,1
Avery Bradley,G,0.366,3.3,0.375,1.2,10.8,0.432,4.7,0.545,1.9,1.1,34,11.6,1606.5,0,1
Terrell Brandon,G,0.355,3.7,0.38,1.4,16.8,0.484,8.1,0.81,5.5,4.5,57,22.2,1086,0,1
Tim Breaux,F,0.297,2.4,0.358,0.9,9.5,0.464,4.4,0.678,4.1,2.8,121,12.5,71.39999999999999,0,0
J.R. Bremer,G,0.333,6,0.333,2,12.2,0.403,4.9,0.752,4.8,3.6,112,15.5,360,0,1
Corey Brewer,F-G,0.283,2.6,0.356,0.9,8.2,0.48,4,0.708,3.6,2.5,108,11.3,1718.2,0,0
Jamison Brewer,G,0.25,1,0.22,0.2,4.5,0.456,2.1,0.527,2.5,1.3,58,5.7,32.4,0,0
Ronnie Brewer,G-F,0.254,3.4,0.34,1.2,11.9,0.462,5.5,0.671,5.4,3.6,90,15.7,351.4,0,0
Malcolm Brogdon,G,0.393,3.7,0.365,1.4,10.3,0.43,4.4,0.876,3.5,3.1,136,13.3,350.9,0,1
Aaron Brooks,G,0.37,4.8,0.374,1.8,10.1,0.43,4.3,0.834,3.2,2.7,115,13.1,2189.6,0,1
Dillon Brooks,F-G,0.357,3.4,0.362,1.2,11.4,0.472,5.4,0.794,3.5,2.8,109,14.8,256,0,1
MarShon Brooks,G-F,0.355,4.2,0.333,1.4,11.2,0.464,5.2,0.739,3.6,2.6,113,14.4,253.5,0,1
Scott Brooks,G,0.372,5.8,0.418,2.4,8.7,0.475,4.1,0.852,3.2,2.7,85,12.6,748.0000000000001,0,1
Anthony Brown,F-G,0.286,3.8,0.403,1.5,8.4,0.428,3.6,0.751,2.8,2.1,144,10.8,98.39999999999999,0,0
Bobby Brown,G,0.317,7,0.377,2.6,13.9,0.428,6,0.789,2.9,2.3,116,16.9,300.2,0,0
Dee Brown,G,0.357,2.2,0.366,0.8,11.3,0.482,5.4,0.763,3,2.3,108,13.9,1702.3999999999999,0,1
Dee Brown,G,0.25,6.1,0.36,2.2,11,0.422,4.7,0.725,2.4,1.7,137,13.2,54.400000000000006,0,0
Derrick Brown,F,0.317,1.2,0.415,0.5,6.5,0.573,3.7,0.718,3.3,2.4,106,10.3,34.2,0,0
Devin Brown,G,0.338,5.2,0.309,1.6,14.7,0.411,6.1,0.733,6.2,4.6,105,18.3,883.5,0,1
Jabari Brown,G,0.371,5.7,0.386,2.2,11.2,0.441,5,0.782,6.2,4.9,62,17,62.699999999999996,0,1
Jaylen Brown,F-G,0.374,3,0.294,0.9,11.1,0.431,4.8,0.654,6.4,4.2,34,14.6,426.3,0,1
Lorenzo Brown,G,0.149,2.1,0.305,0.6,9.5,0.429,4.1,0.741,3.8,2.8,101,11.6,76,0,0
Marcus Brown,G,0.333,3.9,0.372,1.5,12.7,0.493,6.2,0.849,5.8,5,118,18.9,37.8,0,1
Markel Brown,G,0.295,3.1,0.347,1.1,9.4,0.439,4.1,0.733,4.1,3,134,12.4,192.1,0,0
Randy Brown,G,0.2,0.7,0.31,0.2,6.8,0.436,3,0.703,4.2,3,117,9.1,131,0,0
Shannon Brown,G,0.332,3.1,0.364,1.1,9.4,0.457,4.3,0.831,3,2.5,97,12.2,816,0,1
Sterling Brown,G,0.36,2.1,0.451,0.9,5.8,0.504,2.9,0.77,1.9,1.4,136,8.2,88.39999999999999,0,1
Tierre Brown,G,0.353,2.8,0.337,1,12.6,0.444,5.6,0.734,4.5,3.3,110,15.4,80.39999999999999,0,1
Rick Brunson,G,0.362,5.2,0.294,1.5,10.4,0.371,3.9,0.658,4.2,2.8,124,12,269.6,0,1
Greg Buckner,G,0.334,1.5,0.276,0.4,11,0.504,5.6,0.665,4.3,2.8,122,14.4,741,0,1
Chase Budinger,F,0.352,5,0.383,1.9,12.8,0.469,6,0.782,4,3.1,100,17,1180.3,0,1
Jud Buechler,F-G,0.366,0.8,0.381,0.3,6.1,0.547,3.4,0.743,2.3,1.7,131,8.7,720,0,1
Rodney Buford,G-F,0.3,4.7,0.38,1.8,14.7,0.447,6.6,0.753,3.9,2.9,118,17.9,253.00000000000003,0,0
Matt Bullard,F,0.384,2.1,0.336,0.7,9.2,0.533,4.9,0.768,3.3,2.5,94,12.8,1537.5,0,1
Reggie Bullock,G-F,0.403,4.9,0.387,1.9,8.2,0.439,3.6,0.72,1.2,0.9,100,9.9,522.5,1,1
Pat Burke,C-F,0.25,0.8,0.222,0.2,7.2,0.491,3.5,0.631,2.7,1.7,120,8.9,38.1,0,0
Trey Burke,G,0.339,5,0.367,1.8,13.3,0.45,6,0.777,4,3.1,73,16.9,1143.8,0,1
Alec Burks,G,0.354,2.2,0.313,0.7,12.6,0.495,6.2,0.804,7.3,5.9,68,19,655.2,0,1
Kevin Burleson,G,0.185,3.6,0.331,1.2,6,0.371,2.2,0.751,1.9,1.4,123,7,54.599999999999994,0,0
Scott Burrell,G-F,0.373,4,0.357,1.4,10.7,0.426,4.6,0.64,4,2.6,119,13.1,919.1999999999999,0,1
Willie Burton,F-G,0.345,1.8,0.378,0.7,10.7,0.511,5.5,0.749,4.8,3.6,118,15.3,410.8,0,1
Caron Butler,F,0.348,1.9,0.364,0.7,13.8,0.465,6.4,0.768,5.9,4.5,63,18,2114.4,0,1
Jimmy Butler,F-G,0.34,0.9,0.383,0.3,7.2,0.508,3.7,0.773,5.6,4.3,106,12,1185.6000000000001,0,1
Mitchell Butler,G-F,0.304,1,0.228,0.2,6.2,0.519,3.2,0.528,2.3,1.2,130,7.9,325.8,0,0
Rasual Butler,F-G,0.362,7.1,0.359,2.6,16.7,0.409,6.8,0.829,3.7,3.1,110,19.3,2507.9,0,1
Dwight Buycks,G,0.37,2.2,0.36,0.8,6.4,0.443,2.9,0.687,1.7,1.2,68,7.7,73.5,0,1
Will Bynum,G,0.272,3.9,0.31,1.2,8.1,0.385,3.1,0.739,2.7,2,101,9.4,324,0,0
Nick Calathes,G,0.288,4.8,0.38,1.8,11.6,0.455,5.3,0.715,5.4,3.9,72,16.3,103.2,0,0
Kentavious Caldwell-Pope,G,0.345,6.9,0.339,2.3,12.7,0.415,5.3,0.752,3.9,2.9,64,15.8,1852.8,0,1
Tony Campbell,F-G,0.254,0.1,0,0,11.8,0.482,5.7,0.798,4.2,3.4,104,14.7,276,0,0
Isaiah Canaan,G,0.351,5.5,0.419,2.3,10.7,0.45,4.8,0.803,4.5,3.6,132,15.5,942.9999999999999,0,1
Brian Cardinal,F,0.372,2.7,0.365,1,8.1,0.461,3.8,0.761,4.6,3.5,132,12,638.4,0,1
Rodney Carney,F,0.338,6,0.362,2.2,11.9,0.415,5,0.717,3.1,2.2,133,14.3,598,0,1
Chris Carr,G,0.338,1.9,0.358,0.7,9.8,0.503,4.9,0.761,3.8,2.9,93,13.5,475.20000000000005,0,1
Cory Carr,G,0.167,6.2,0.366,2.3,12.8,0.428,5.5,0.797,4.2,3.3,115,16.6,29.4,0,0
DeMarre Carroll,F,0.364,0.7,0.281,0.2,8.4,0.535,4.5,0.603,3.5,2.1,134,11.2,1509.7,0,1
Matt Carroll,G,0.384,5.7,0.395,2.3,10.6,0.445,4.7,0.825,2.7,2.2,133,13.9,918,0,1
Anthony Carter,G,0.25,3.4,0.33,1.1,14.6,0.474,6.9,0.714,4.8,3.4,58,18.4,436.09999999999997,0,0
Vince Carter,G-F,0.373,2.6,0.368,1,8.5,0.547,4.7,0.705,2.8,2,103,12.3,5612,0,1
Michael Carter-Williams,G,0.25,2.1,0.307,0.6,6.8,0.398,2.7,0.679,3.2,2.2,66,8.2,545.3,0,0
Alex Caruso,G,0.257,2,0.34,0.7,6.1,0.455,2.8,0.685,2.5,1.7,137,8,35,0,0
Sam Cassell,G,0.331,4.5,0.366,1.6,13.9,0.478,6.7,0.734,4.6,3.4,66,18.3,1986,0,1
Tyler Cavanaugh,F,0.36,3,0.372,1.1,8.9,0.446,4,0.82,4.3,3.5,137,12.6,89.69999999999999,0,1
Cedric Ceballos,F,0.309,2.7,0.305,0.8,18.2,0.463,8.4,0.671,6.7,4.5,58,22.1,730.8,0,0
Lionel Chalmers,G,0.245,5.1,0.372,1.9,9.8,0.425,4.2,0.716,3.4,2.4,123,12.7,50.4,0,0
Mario Chalmers,G,0.351,3.9,0.419,1.6,8.3,0.486,4,0.767,3.2,2.5,110,12.2,2125.2,0,1
Wilson Chandler,F,0.341,2.6,0.303,0.8,11.4,0.445,5.1,0.659,3,2,59,12.9,2293.2,0,1
Rex Chapman,G,0.35,5.5,0.4,2.2,14,0.475,6.6,0.771,2.8,2.1,61,17.6,2331,0,1
Calbert Cheaney,G-F,0.298,2.6,0.438,1.1,13.8,0.559,7.7,0.79,4.1,3.3,132,19.8,660,0,0
Derrick Chievous,F,0.242,1,0.455,0.5,13.2,0.522,6.9,0.793,7.4,5.9,130,19.8,30.8,0,0
Pete Chilcutt,F-C,0.381,0.4,0.345,0.1,6.5,0.534,3.5,0.71,1.7,1.2,140,8.2,467.20000000000005,0,1
Josh Childress,G-F,0.329,3.6,0.335,1.2,10.2,0.438,4.5,0.755,2.8,2.2,86,12.3,312.8,0,0
Randolph Childress,G,0.273,6.9,0.395,2.7,12.1,0.446,5.4,0.804,6,4.9,120,18.4,66.3,0,0
Chris Childs,G,0.344,3.3,0.422,1.4,10.3,0.443,4.6,0.818,3.7,3,118,13.6,1082,0,1
Marquese Chriss,F,0.309,1.8,0.35,0.6,9.9,0.53,5.3,0.682,3.8,2.6,34,13.7,415.8,0,0
Doug Christie,G-F,0.354,2.7,0.297,0.8,11.7,0.473,5.6,0.747,5.5,4.1,87,16,2232.9,0,1
Dionte Christmas,G,0.29,6.8,0.36,2.5,11.8,0.426,5,0.778,4.2,3.2,130,15.7,31,0,0
Semaj Christon,G,0.19,1.2,0.338,0.4,12.3,0.462,5.7,0.67,6.6,4.4,64,16.2,64,0,0
Earl Clark,F,0.328,1.8,0.298,0.5,8.6,0.467,4,0.64,3.2,2,104,10.6,261,0,0
Ian Clark,G,0.344,6,0.425,2.6,10.6,0.484,5.1,0.81,2,1.6,133,14.4,482.40000000000003,0,1
Jordan Clarkson,G,0.337,3.2,0.322,1,11.6,0.44,5.1,0.805,5.2,4.2,93,15.4,1106.3,0,1
Speedy Claxton,G,0.193,1.7,0.322,0.5,12.6,0.468,5.9,0.748,6.1,4.5,119,16.9,233.79999999999998,0,0
Mateen Cleaves,G,0.267,3.7,0.313,1.2,10.8,0.406,4.4,0.738,3.5,2.6,123,12.5,50.1,0,0
Norris Cole,G,0.324,3.1,0.321,1,11.1,0.435,4.8,0.826,4.2,3.5,140,14.1,648,0,0
Derrick Coleman,F,0.295,0.4,0.291,0.1,9.5,0.568,5.4,0.684,6,4.1,143,15,1093.3999999999999,0,0
Bimbo Coles,G,0.267,4,0.324,1.3,17.6,0.429,7.6,0.748,6.9,5.2,115,21.6,937.2,0,0
James Collins,G,0.45,6.1,0.372,2.3,12.8,0.45,5.8,0.679,3.3,2.2,112,16,20.7,1,1
John Collins,F,0.333,0,0,0,8.2,0.601,4.9,0.729,4.9,3.6,64,13.4,43.8,0,1
Mardy Collins,G,0.299,5,0.292,1.5,14.4,0.399,5.7,0.624,3.9,2.4,125,15.4,132.29999999999998,0,0
Zach Collins,C-F,0.312,0.5,0.476,0.3,5.3,0.652,3.5,0.743,3.8,2.8,39,10,108.8,0,0
Darren Collison,G,0.392,2.7,0.435,1.2,8.3,0.475,4,0.851,2.9,2.5,142,11.5,1388.2,0,1
Steve Colter,G,0.289,0.2,0.333,0.1,9.4,0.493,4.6,0.757,4.2,3.1,107,12.5,263,0,0
Mike Conley,G,0.377,1.8,0.304,0.5,7.9,0.518,4.1,0.694,3.7,2.6,39,11.3,2441.2,0,1
Marty Conlon,F-C,0.2,0.9,0.333,0.3,7.3,0.505,3.7,0.765,4.4,3.4,103,11,75.8,0,0
Pat Connaughton,G,0.363,5,0.386,1.9,8.2,0.45,3.7,0.777,1.5,1.2,139,10.5,260.09999999999997,0,1
Brian Cook,F,0.382,2.1,0.339,0.7,9.4,0.51,4.8,0.793,3.7,2.9,132,13.2,673.6,0,1
Daequan Cook,G,0.359,3.3,0.415,1.4,8.1,0.445,3.6,0.697,1.7,1.2,39,9.8,1246.3999999999999,0,1
Quinn Cook,G,0.441,4.4,0.375,1.7,8.6,0.432,3.7,0.853,2.2,1.9,143,11,128.79999999999998,1,1
Duane Cooper,G,0.216,2.4,0.403,1,4.7,0.456,2.1,0.604,1.6,1,118,6.2,35.2,0,0
Chris Copeland,F,0.365,2.9,0.361,1,5.9,0.431,2.5,0.701,2,1.4,113,7.5,427.5,0,1
Chris Corchiani,G,0.269,2.5,0.408,1,7.9,0.463,3.7,0.822,3.8,3.2,124,11.5,78.39999999999999,0,0
Bryce Cotton,G,0.304,5.7,0.361,2,11.2,0.421,4.7,0.838,4.5,3.7,130,15.2,23,0,0
DeMarcus Cousins,C-F,0.338,0.2,0.167,0,9.7,0.558,5.4,0.604,7.1,4.3,38,15.1,909.5,0,1
Robert Covington,F,0.359,3.7,0.422,1.5,11.1,0.476,5.3,0.802,3.4,2.7,118,14.8,1878.5,0,1
Allen Crabbe,G-F,0.393,5.6,0.382,2.1,12.2,0.446,5.4,0.819,3.3,2.7,98,15.7,1196,0,1
Torrey Craig,G-F,0.293,6.9,0.33,2.3,13.8,0.413,5.7,0.671,3.8,2.6,131,16.2,59.2,0,0
Chris Crawford,F,0.347,2,0.373,0.8,7.3,0.444,3.2,0.721,2.9,2.1,113,9.3,201.60000000000002,0,1
Jamal Crawford,G,0.349,5.9,0.327,1.9,15,0.412,6.2,0.784,3,2.4,17,16.6,6174,0,1
Jordan Crawford,G,0.318,4.4,0.384,1.7,12.4,0.455,5.6,0.765,3.3,2.6,65,15.5,1032.3,0,0
Joe Crispin,G,0.385,7,0.348,2.4,12.7,0.382,4.8,0.885,4,3.5,127,15.6,39.9,0,1
Javaris Crittenton,G,0.231,3.2,0.356,1.1,11,0.45,4.9,0.783,4.3,3.4,32,14.4,56.5,0,0
Austin Croshere,F,0.34,3.6,0.34,1.2,9.3,0.44,4.1,0.843,3.8,3.2,121,12.6,1252.1,0,1
John Crotty,G,0.384,4,0.346,1.4,9.8,0.415,4.1,0.694,4.6,3.2,129,12.8,381.6,0,1
Jae Crowder,F,0.342,4.1,0.35,1.4,10.6,0.492,5.2,0.683,4,2.7,72,14.6,1659.6000000000001,0,1
Vonteego Cummings,G,0.321,3.9,0.334,1.3,12.7,0.423,5.4,0.699,4.7,3.3,103,15.3,338.3,0,0
Dante Cunningham,F,0.332,0,0.333,0,7.1,0.524,3.7,0.693,3.2,2.2,139,9.6,584.1,0,1
Jared Cunningham,G,0.306,2.5,0.344,0.9,8.5,0.455,3.9,0.754,5.8,4.4,98,13,58.8,0,0
Dell Curry,G,0.402,0.2,0.571,0.1,16,0.505,8.1,0.785,3.5,2.7,126,18.9,3140.7,1,1
Michael Curry,F-G,0.298,0.1,0.083,0,6.3,0.563,3.5,0.738,3.1,2.3,119,9.4,266.8,0,0
Seth Curry,G,0.432,5.9,0.394,2.3,11.2,0.431,4.8,0.827,3.5,2.9,141,14.9,436.6,1,1
Stephen Curry,G,0.436,9.7,0.412,4,17.9,0.467,8.4,0.876,5.3,4.6,104,25.3,4875,1,1
Antonio Daniels,G,0.311,1.9,0.396,0.8,11.4,0.515,5.9,0.758,4.8,3.6,111,16.1,1133.6000000000001,0,0
Marquis Daniels,G-F,0.235,2,0.296,0.6,10.8,0.496,5.4,0.646,3.8,2.4,111,13.8,438.40000000000003,0,0
Troy Daniels,G,0.404,5.2,0.386,2,6.1,0.389,2.4,0.782,0.7,0.5,125,7.3,1084.5,1,1
Brandon Davies,F,0.227,0.1,0.333,0,8.6,0.522,4.5,0.66,5.1,3.4,135,12.4,46.8,0,0
Anthony Davis,F-C,0.31,0.5,0.15,0.1,8.4,0.623,5.3,0.709,5.1,3.6,40,14.2,448.8,0,0
Baron Davis,G,0.32,3.1,0.328,1,9.7,0.503,4.9,0.631,4.5,2.9,59,13.6,4175,0,0
Emanual Davis,G,0.352,5.8,0.368,2.1,12.3,0.465,5.7,0.725,5.7,4.1,72,17.6,452,0,1
Hubert Davis,G,0.441,3.3,0.435,1.4,8.2,0.498,4.1,0.819,2.7,2.2,137,11.8,1644,1,1
Josh Davis,F,0.329,1.9,0.278,0.5,9.5,0.497,4.7,0.642,3.3,2.1,119,12.1,67,0,0
Mark Davis,G-F,0.246,2,0.325,0.6,13.3,0.497,6.6,0.639,6.3,4,58,17.9,115,0,0
Ricky Davis,G,0.361,2.9,0.308,0.9,12,0.466,5.6,0.698,4.2,2.9,31,15,1619.2,0,1
Johnny Dawkins,G,0.33,1.9,0.352,0.7,15.2,0.508,7.7,0.79,4.6,3.6,133,19.2,541,0,1
Todd Day,G-F,0.345,4.6,0.384,1.8,13.7,0.479,6.6,0.747,5.3,3.9,127,18.9,1642.2,0,1
Austin Daye,F,0.351,2.2,0.422,0.9,8.6,0.477,4.1,0.79,3.1,2.5,67,11.6,527.4,0,1
Dewayne Dedmon,C,0.355,0.1,0,0,5.8,0.52,3,0.614,1.7,1.1,51,7.1,142.5,0,1
Terry Dehere,G,0.378,6.3,0.389,2.5,13.9,0.442,6.1,0.822,5.8,4.8,128,19.5,884.4000000000001,0,1
Bryce Dejean-Jones,G,0.375,3.1,0.336,1,8.8,0.429,3.8,0.684,3.3,2.3,117,10.8,32.199999999999996,0,1
Sam Dekker,F,0.283,3.6,0.348,1.3,9,0.493,4.4,0.695,2.8,2,113,12.1,241.60000000000002,0,0
Vinny Del Negro,G,0.359,2.2,0.447,1,6.6,0.502,3.3,0.825,2.2,1.8,103,9.1,693.9,0,1
Malcolm Delaney,G,0.308,5.3,0.363,1.9,11.7,0.401,4.7,0.845,6.3,5.3,136,16.6,228.6,0,0
Tony Delk,G,0.343,5.4,0.397,2.1,10.8,0.474,5.1,0.709,2.6,1.8,133,14.2,1362.5,0,1
Matthew Dellavedova,G,0.388,5.6,0.378,2.1,10.5,0.415,4.3,0.86,4,3.4,136,14.2,852.8000000000001,0,1
Luol Deng,F,0.332,3,0.36,1.1,11.9,0.476,5.7,0.71,3.7,2.6,37,15.1,1936.0000000000002,0,1
DeMar DeRozan,G-F,0.289,1,0.167,0.2,10.5,0.523,5.5,0.646,4.2,2.7,35,13.9,1144.1,0,0
Derrick Dial,G,0.19,4.7,0.377,1.8,11.8,0.48,5.7,0.774,3.1,2.4,122,15.5,41,0,0
Yakhouba Diawara,G-F,0.301,2.2,0.343,0.8,11.9,0.456,5.4,0.65,5.9,3.8,45,15.5,411.40000000000003,0,0
Dan Dickau,G,0.341,4.8,0.462,2.2,8.7,0.451,3.9,0.854,3.8,3.3,97,13.3,540,0,1
Michael Dickerson,G-F,0.402,3.2,0.367,1.2,11.2,0.458,5.1,0.728,3.2,2.3,130,13.8,720.8,1,1
Travis Diener,G,0.353,5.7,0.413,2.4,10.2,0.416,4.3,0.837,3.8,3.2,120,14.1,465.40000000000003,0,1
Gorgui Dieng,C,0.317,0,0.333,0,6.1,0.545,3.3,0.64,2.7,1.7,102,8.3,112.2,0,0
Spencer Dinwiddie,G,0.315,3.5,0.386,1.3,8,0.42,3.4,0.83,5.9,4.9,86,13,607.1999999999999,0,0
Juan Dixon,G,0.341,4.4,0.389,1.7,12.1,0.468,5.7,0.85,3.6,3,141,16.1,959.2,0,1
Keyon Dooling,G,0.349,3.4,0.338,1.1,9.2,0.411,3.8,0.733,4.7,3.4,59,12.1,1310.4,0,1
Tyler Dorsey,G,0.351,5,0.416,2.1,10,0.455,4.6,0.732,3.9,2.9,75,14.1,192.5,0,1
Damyean Dotson,G,0.322,4.8,0.38,1.8,10.4,0.464,4.8,0.796,1.9,1.5,134,12.9,58.8,0,0
Quincy Douby,G,0.312,6.8,0.389,2.6,14.1,0.432,6.1,0.82,3.6,2.9,95,17.8,214.5,0,0
Sherman Douglas,G,0.267,1.9,0.332,0.6,10.7,0.538,5.8,0.695,4.1,2.9,138,14.9,612,0,0
Toney Douglas,G,0.354,4.9,0.376,1.8,12.9,0.442,5.7,0.802,4.4,3.6,130,16.8,1260.8000000000002,0,1
Chris Douglas-Roberts,G,0.329,1.8,0.372,0.7,9.4,0.54,5.1,0.725,4.6,3.3,109,14.2,244.20000000000002,0,0
Bryce Drew,G,0.371,6.9,0.435,3,12.8,0.449,5.8,0.834,3.8,3.2,121,17.7,413.09999999999997,0,1
Larry Drew,G,0.2,1.8,0.343,0.6,4.9,0.412,2,0.601,1.5,0.9,131,5.5,35.2,0,0
Jared Dudley,F-G,0.396,2.5,0.365,0.9,10.5,0.504,5.3,0.731,6,4.4,130,15.9,2046.2,0,1
Chris Duhon,G,0.363,3.5,0.321,1.1,7.2,0.418,3,0.693,2.4,1.7,144,8.8,1818,0,1
Joe Dumars,G,0.382,0.3,0.625,0.2,17.6,0.462,8.1,0.788,7.9,6.2,116,22.5,2545,0,1
Tony Dumas,G,0.327,4.3,0.37,1.6,15.8,0.477,7.5,0.753,7,5.3,112,22,312,0,0
Mike Dunleavy,F-G,0.377,4.6,0.371,1.7,10.1,0.475,4.8,0.698,2.7,1.9,104,13.2,3451,0,1
Kris Dunn,G,0.309,2.2,0.354,0.8,9.9,0.45,4.5,0.693,4.5,3.1,95,12.8,208,0,0
Kevin Durant,F-G,0.384,5.8,0.404,2.3,18.5,0.473,8.7,0.816,7.3,6,35,25.8,3696,0,1
Pat Durham,F,0.192,0.1,0.111,0,11,0.515,5.6,0.697,6.5,4.6,125,15.8,25.6,0,0
Ledell Eackles,G-F,0.336,4.3,0.352,1.5,17.6,0.482,8.5,0.776,5.9,4.6,59,23,396.90000000000003,0,1
Cleanthony Early,F,0.263,4.3,0.348,1.5,10.5,0.47,4.9,0.819,4.6,3.7,75,15.1,100.8,0,0
Devin Ebanks,F,0.222,1,0.114,0.1,8.6,0.463,4,0.736,4.2,3.1,69,11.2,37.8,0,0
Jarell Eddie,G-F,0.292,4.3,0.365,1.6,8.1,0.385,3.1,0.812,2.2,1.8,123,9.6,64.6,0,0
Tyus Edney,G,0.322,2,0.383,0.8,8.1,0.481,3.9,0.805,4.5,3.6,125,12.1,203.4,0,0
Blue Edwards,G-F,0.335,1,0.473,0.5,14.7,0.555,8.2,0.75,5.1,3.8,57,20.6,915.2,0,1
Kevin Edwards,G,0.335,1.5,0.446,0.7,12.4,0.534,6.6,0.793,3,2.4,61,16.3,543.6,0,1
Howard Eisley,G,0.35,3.5,0.447,1.6,9.5,0.444,4.2,0.784,3.8,3,126,12.9,1493.3999999999999,0,1
Khalid El-Amin,G,0.333,5.1,0.355,1.8,12.9,0.416,5.4,0.822,3.3,2.7,108,15.3,85,0,1
Henry Ellenson,F,0.307,3.2,0.288,0.9,13.2,0.446,5.9,0.749,5.8,4.3,33,17,88,0,0
Wayne Ellington,G,0.38,5,0.397,2,11.6,0.463,5.4,0.809,2.5,2,115,14.7,2183,0,1
Sean Elliott,F,0.375,3.2,0.428,1.4,13.2,0.512,6.7,0.793,5.9,4.7,133,19.2,1558.2,0,1
LaPhonso Ellis,F,0.302,0.3,0.455,0.2,10.5,0.577,6.1,0.675,4.8,3.3,97,15.5,811.2,0,0
Joel Embiid,C,0.327,0.2,0.2,0,6.1,0.626,3.8,0.685,5.1,3.5,28,11.2,310.2,0,0
Jo Jo English,G,0.344,3.2,0.376,1.2,10.1,0.455,4.6,0.659,3.1,2.1,115,12.5,30,0,1
Kim English,G,0.28,4.3,0.394,1.7,8.7,0.42,3.7,0.727,2.9,2.1,141,11.1,49.199999999999996,0,0
Tyler Ennis,G,0.32,2.5,0.353,0.9,10.6,0.411,4.4,0.765,4.4,3.4,34,12.9,202.4,0,0
Brian Evans,F,0.343,3.7,0.408,1.5,10.2,0.449,4.6,0.8,3.8,3.1,124,13.7,112.2,0,1
Jawun Evans,G,0.278,2.5,0.407,1,12.7,0.448,5.7,0.818,5.1,4.2,54,16.6,52.800000000000004,0,0
Maurice Evans,G,0.363,5.7,0.382,2.2,13,0.432,5.6,0.752,4.2,3.1,93,16.5,1180.2,0,1
Tyreke Evans,G-F,0.318,3.4,0.274,0.9,13.6,0.455,6.2,0.711,5.2,3.7,37,17.1,1312.5,0,0
Daniel Ewing,G,0.295,4,0.392,1.6,9,0.432,3.9,0.746,2.9,2.2,138,11.6,127,0,0
Jordan Farmar,G,0.374,4.4,0.333,1.5,10.8,0.41,4.4,0.76,4,3,66,13.3,1562.4,0,1
Desmon Farmer,G,0.25,5,0.338,1.7,10.6,0.41,4.3,0.746,3.9,2.9,121,13.3,19.8,0,0
Jim Farmer,G,0.282,2.8,0.387,1.1,8.6,0.473,4.1,0.785,2.9,2.3,111,10.8,81.6,0,0
Tony Farmer,F,0.189,0.5,0.219,0.1,6.8,0.466,3.2,0.677,4.1,2.8,64,9.2,50.5,0,0
Derrick Favors,F-C,0.188,0,0,0,8.1,0.611,5,0.629,4,2.5,36,12.4,110.80000000000001,0,0
Kay Felder,G,0.268,4.1,0.345,1.4,12.9,0.426,5.5,0.822,6.2,5.1,101,17.5,39.9,0,0
Raymond Felton,G,0.328,4.6,0.375,1.7,9.7,0.423,4.1,0.731,3.5,2.6,101,12.5,2714.4,0,0
Duane Ferrell,F-G,0.288,0.5,0.345,0.2,10.6,0.537,5.7,0.733,4,2.9,127,14.3,174.9,0,0
Yogi Ferrell,G,0.377,5,0.399,2,10.8,0.432,4.6,0.83,3.9,3.2,137,14.5,533.4,0,1
Danny Ferry,F,0.393,2.7,0.388,1,11.7,0.484,5.7,0.775,3.9,3,143,15.1,1742.3,0,1
Landry Fields,F,0.332,2.3,0.342,0.8,8.4,0.463,3.9,0.676,3.3,2.3,129,10.8,357,0,1
Michael Finley,G-F,0.375,5.5,0.338,1.9,14.6,0.44,6.4,0.769,5.2,4,115,18.7,3860.5,0,1
Dorian Finney-Smith,F,0.299,3.8,0.362,1.4,8.7,0.411,3.6,0.657,3.2,2.1,134,10.7,252.5,0,0
Derek Fisher,G,0.374,2.9,0.38,1.1,9.3,0.414,3.9,0.747,4.8,3.6,112,12.4,3346.2000000000003,0,1
Gerald Fitch,G,0.269,4,0.396,1.6,8,0.452,3.6,0.736,2.9,2.1,127,11,25.2,0,0
Marcus Fizer,F,0.191,0.7,0.292,0.2,13.9,0.511,7.1,0.702,6.3,4.4,97,18.9,115.60000000000001,0,0
Jonny Flynn,G,0.338,4.2,0.333,1.4,12.2,0.46,5.6,0.782,5.1,4,73,16.6,342.3,0,1
Bryn Forbes,G,0.376,5.4,0.435,2.3,9.1,0.449,4.1,0.821,2.5,2.1,138,12.6,273.59999999999997,0,1
Gary Forbes,F,0.34,3.2,0.299,1,10.7,0.426,4.5,0.653,4.1,2.7,129,12.7,144.3,0,1
Sherell Ford,F,0.16,3.3,0.347,1.2,18.6,0.482,9,0.704,5.3,3.8,88,22.9,25.2,0,0
T.J. Ford,G,0.289,1.5,0.228,0.3,10.5,0.406,4.3,0.801,5,4,66,12.9,429,0,0
Tremaine Fowlkes,F,0.2,1.8,0.263,0.5,10.1,0.461,4.7,0.647,5.5,3.6,72,13.4,20.6,0,0
De'Aaron Fox,G,0.299,1.9,0.246,0.5,12.4,0.479,5.9,0.736,5.9,4.3,36,16.7,142,0,0
Rick Fox,F-G,0.349,2.8,0.388,1.1,8.7,0.518,4.5,0.757,2.7,2,140,12.2,2232,0,1
Randy Foye,G,0.366,4.9,0.329,1.6,13.1,0.399,5.2,0.781,3.8,3,131,15,3008,0,1
Richie Frahm,G,0.356,5.1,0.423,2.2,9.2,0.449,4.1,0.799,2.6,2.1,130,12.5,266,0,1
Steve Francis,G,0.341,3.4,0.388,1.3,11.5,0.523,6,0.79,4.6,3.6,34,17,1670.3999999999999,0,1
Tim Frazier,G,0.313,1.8,0.31,0.5,9,0.418,3.8,0.774,4.3,3.4,135,11.4,257.59999999999997,0,0
Jimmer Fredette,G,0.381,5.4,0.394,2.1,13.3,0.455,6,0.882,5.1,4.5,139,18.7,517,0,1
Matt Freije,F,0.224,4.3,0.355,1.5,11.7,0.448,5.2,0.786,4.7,3.7,121,15.6,75.60000000000001,0,0
Channing Frye,C-F,0.388,0.2,0.261,0,9.5,0.562,5.3,0.759,3.7,2.8,133,13.5,2644.3,0,1
Corey Gaines,G,0.229,2.7,0.506,1.4,5.7,0.504,2.9,0.68,2.8,1.9,109,8,48,0,0
Reece Gaines,G,0.269,4.7,0.383,1.8,11.2,0.452,5.1,0.75,4.9,3.6,125,15.6,28.400000000000002,0,0
Sundiata Gaines,G,0.301,3.3,0.303,1,10,0.411,4.1,0.591,4.6,2.7,123,11.9,146.9,0,0
Langston Galloway,G,0.361,6.1,0.426,2.6,11.3,0.438,4.9,0.821,3.1,2.5,133,15,925.2,0,1
Kevin Gamble,F-G,0.36,2.2,0.329,0.7,5.8,0.529,3,0.697,1.7,1.2,65,7.6,649,0,1
Francisco Garcia,F-G,0.357,5,0.369,1.8,10.5,0.448,4.7,0.849,3.7,3.2,98,14.4,1647,0,1
Thomas Gardner,G,0.2,6,0.336,2,10.3,0.396,4.1,0.777,2.3,1.8,89,12,36,0,0
Chris Garner,G,0.19,1.9,0.262,0.5,6.3,0.428,2.7,0.559,1.7,1,123,6.9,23,0,0
Marlon Garnett,G,0.261,5,0.398,2,9.3,0.443,4.1,0.787,3.1,2.4,106,12.7,24,0,0
Diante Garrett,G,0.351,2.6,0.297,0.8,9.7,0.407,3.9,0.729,2.7,2,128,10.7,108,0,1
Tom Garrick,G,0.083,1.8,0.444,0.8,10.3,0.474,4.9,0.784,3.8,2.9,120,13.1,50.2,0,0
Pat Garrity,F,0.398,2.5,0.358,0.9,13.8,0.488,6.7,0.747,5.9,4.4,111,18.8,1600.8,0,1
Chris Gatling,F-C,0.249,0,0,0,13.5,0.606,8.2,0.689,7.1,4.9,85,21.3,210,0,0
Rudy Gay,F,0.344,2.3,0.378,0.9,10.8,0.461,5,0.721,3.8,2.8,64,13.6,2424,0,1
Andrew Gaze,G,0.375,5.8,0.425,2.5,8.8,0.509,4.5,0.726,3,2.2,38,13.6,23.400000000000002,0,1
Reggie Geary,G,0.328,2.6,0.347,0.9,5.7,0.432,2.5,0.589,2,1.2,127,7,60.599999999999994,0,0
Alonzo Gee,G,0.325,2.8,0.325,0.9,10.4,0.447,4.7,0.632,4,2.5,128,12.7,583.8,0,0
Paul George,F,0.375,4.9,0.396,1.9,11.4,0.447,5.1,0.803,4.2,3.4,63,15.5,2992.5,0,1
Daniel Gibson,G,0.407,6.6,0.387,2.6,10.5,0.411,4.3,0.741,3.4,2.5,68,13.8,1429.2,1,1
Jonathan Gibson,G,0.353,5,0.398,2,9.3,0.436,4,0.758,2.2,1.7,131,11.8,51.300000000000004,0,1
Eddie Gill,G,0.32,5.7,0.391,2.2,10.8,0.41,4.4,0.866,4.7,4,61,15.1,205.70000000000002,0,0
Kendall Gill,G,0.3,1.9,0.374,0.7,8.9,0.501,4.5,0.755,3.2,2.4,117,12,1062.6000000000001,0,0
Gerald Glass,G-F,0.236,3.9,0.377,1.5,19.9,0.511,10.2,0.736,5.8,4.3,60,26.1,100.5,0,0
Dion Glover,G,0.317,5,0.271,1.4,15.2,0.441,6.7,0.64,5.6,3.6,33,18.4,470.40000000000003,0,0
Anthony Goldwire,G,0.386,3.7,0.294,1.1,11.9,0.417,5,0.796,5.8,4.6,57,15.6,532,0,1
Ryan Gomes,F,0.349,2,0.352,0.7,13,0.519,6.8,0.789,5.3,4.2,116,18.4,974,0,1
Drew Gooden,F,0.257,0.6,0.306,0.2,12.3,0.493,6.1,0.698,4.7,3.3,98,15.6,316,0,0
Archie Goodwin,G,0.236,1.9,0.266,0.5,10.8,0.44,4.8,0.637,6.4,4.1,33,14.1,198,0,0
Aaron Gordon,F,0.308,1.2,0.356,0.4,10.1,0.495,5,0.422,4.7,2,38,12.4,783,0,0
Ben Gordon,G,0.401,5.5,0.423,2.3,12.7,0.44,5.6,0.795,4.4,3.5,106,16.9,2901.6,1,1
Eric Gordon,G,0.377,6.5,0.337,2.2,13.3,0.433,5.8,0.834,8.7,7.2,32,20.9,3304,0,1
Andrew Goudelock,G,0.345,6.8,0.413,2.8,14.9,0.457,6.8,0.838,2.2,1.9,140,18.4,83.3,0,1
Greg Graham,G,0.29,1.9,0.439,0.8,7.5,0.514,3.8,0.766,4.6,3.5,132,12,165.60000000000002,0,0
Joey Graham,F,0.3,1.5,0.378,0.6,8.8,0.527,4.7,0.809,3.9,3.1,128,13,188.5,0,0
Paul Graham,F-G,0.339,1.2,0.372,0.4,14.7,0.508,7.4,0.78,5.8,4.5,110,19.7,286.40000000000003,0,1
Stephen Graham,G,0.308,1.3,0.385,0.5,4.6,0.458,2.1,0.747,2,1.5,119,6.2,167.29999999999998,0,0
Treveon Graham,G,0.438,4,0.354,1.4,10.2,0.432,4.4,0.691,4.6,3.2,140,13.4,108,1,1
Jim Grandholm,F-C,0.529,0.5,0.313,0.2,6.3,0.501,3.2,0.739,3.1,2.3,114,9.4,18.2,1,1
Ron Grandison,F,0.167,0,0,0,8,0.521,4.2,0.623,4.4,2.8,115,11.1,21,0,0
Danny Granger,F,0.38,2.2,0.366,0.8,11.2,0.496,5.6,0.753,6.3,4.7,95,16.7,2637,0,1
Gary Grant,G,0.278,2.5,0.461,1.2,13.1,0.528,6.9,0.79,3.5,2.7,129,17.2,331.2,0,0
Harvey Grant,F,0.267,0.2,0.2,0,11.8,0.537,6.3,0.713,3.6,2.5,101,15.2,234.89999999999998,0,0
Jerami Grant,F,0.302,0.3,0.3,0.1,5.3,0.486,2.6,0.641,3.5,2.2,72,7.5,541.8000000000001,0,0
Jerian Grant,G,0.315,4.4,0.345,1.5,10.7,0.436,4.7,0.79,4.8,3.8,119,14.6,422,0,0
Josh Grant,F,0.279,3.1,0.378,1.2,11.2,0.494,5.5,0.827,3.6,3,131,15.3,63.599999999999994,0,0
Ed Gray,G,0.341,5.2,0.302,1.6,15.2,0.422,6.4,0.773,5.1,4,81,18.3,90,0,1
Jeff Grayer,F-G,0.255,1.4,0.329,0.5,14.8,0.526,7.8,0.686,6.1,4.2,125,20,131.4,0,0
Danny Green,G-F,0.395,3.4,0.375,1.3,7.4,0.455,3.4,0.845,1.6,1.4,145,9.4,2421,0,1
Draymond Green,F,0.328,1.7,0.361,0.6,8,0.467,3.7,0.687,3.4,2.3,145,10.5,1351.3999999999999,0,0
Erick Green,G,0.288,3.2,0.338,1.1,10.5,0.437,4.6,0.804,4,3.2,129,13.5,52,0,0
JaMychal Green,F,0.35,0.1,0.176,0,9.6,0.519,5,0.711,4.9,3.5,123,13.5,327.59999999999997,0,1
Jeff Green,F,0.332,2.4,0.359,0.9,9.7,0.488,4.8,0.7,3.9,2.7,102,13.1,2264.9,0,1
Litterial Green,G,0.077,4.7,0.395,1.9,13.9,0.418,5.8,0.737,6.4,4.7,116,18.2,29.6,0,0
Sean Green,G-F,0.246,4.7,0.331,1.6,15.7,0.442,6.9,0.717,3.5,2.5,88,18,58.8,0,0
Willie Green,G,0.346,2.8,0.352,1,11.4,0.461,5.2,0.757,3.8,2.9,124,14.3,1462,0,1
Donte Greene,F,0.304,7.5,0.345,2.6,14.9,0.418,6.2,0.707,3.8,2.7,35,17.7,531.3000000000001,0,0
Lynn Greer,G,0.346,5.6,0.398,2.2,12,0.403,4.8,0.852,4,3.4,137,15.3,53.300000000000004,0,1
Adrian Griffin,G-F,0.278,0.6,0.278,0.2,8.8,0.506,4.4,0.654,3.7,2.4,123,11.5,190.8,0,0
Blake Griffin,F,0.324,0.1,0.3,0,11.5,0.618,7.1,0.589,7.7,4.5,68,18.8,581.9000000000001,0,0
Eddie Griffin,F-C,0.315,4.3,0.32,1.4,16,0.429,6.9,0.734,3.6,2.7,30,17.8,757.5,0,0
Tom Gugliotta,F,0.284,4,0.408,1.6,10.6,0.476,5,0.668,3,2,112,13.7,763,0,0
Jorge Gutierrez,G,0.176,1.9,0.34,0.7,7.4,0.43,3.2,0.737,3.4,2.5,129,9.6,18.8,0,0
A.J. Guyton,G,0.378,5.3,0.414,2.2,12.8,0.455,5.8,0.79,3.2,2.5,128,16.4,192,0,1
Scott Haffner,G,0.13,6.5,0.431,2.8,10.7,0.475,5.1,0.872,3,2.6,116,15,25,0,0
P.J. Hairston,G-F,0.295,5.1,0.349,1.8,8,0.388,3.1,0.8,2.5,2,71,10,399.6,0,0
Marcus Haislip,F,0.35,1.1,0.373,0.4,5.9,0.53,3.1,0.705,2.5,1.7,89,8.4,17.8,0,1
Jordan Hamilton,G-F,0.357,5.6,0.377,2.1,12.2,0.43,5.2,0.71,2.7,1.9,70,14.5,377.5,0,1
Justin Hamilton,C,0.309,0.1,0.25,0,5.6,0.535,3,0.741,2.5,1.8,96,7.9,214.7,0,0
Richard Hamilton,G-F,0.346,6.1,0.378,2.3,15.7,0.426,6.7,0.826,4.9,4,103,19.8,1565.7,0,1
Ben Hansbrough,G,0.261,4.8,0.405,2,8.2,0.451,3.7,0.782,3.4,2.7,134,12,22.400000000000002,0,0
Bob Hansen,G,0.323,0.6,0.5,0.3,8.5,0.471,4,0.721,3.1,2.3,111,10.3,517.5,0,0
Travis Hansen,G,0.3,2.4,0.369,0.9,9.8,0.434,4.3,0.774,4.9,3.8,86,13.2,28.7,0,0
Luke Harangody,F,0.241,1,0.326,0.3,15.3,0.476,7.3,0.782,5.6,4.4,129,19.2,84,0,0
Anfernee Hardaway,G-F,0.316,6.2,0.346,2.2,15.2,0.456,6.9,0.717,5.5,4,66,20,1619.1999999999998,0,0
Tim Hardaway,G,0.355,2,0.352,0.7,9.4,0.486,4.6,0.718,4.2,3,124,12.8,4335,0,1
Tim Hardaway,G,0.344,5.5,0.343,1.9,11.6,0.425,4.9,0.724,3.6,2.6,107,14.3,1690,0,1
James Harden,G,0.364,3.9,0.376,1.5,11.9,0.506,6,0.755,7.2,5.4,69,19,4527.5999999999995,0,1
Maurice Harkless,F-G,0.33,2.5,0.215,0.5,13.3,0.452,6,0.676,4.3,2.9,32,15.5,788.5,0,1
Derek Harper,G,0.354,0.8,0.481,0.4,9.5,0.478,4.5,0.701,2.4,1.7,90,10.9,2997.5,0,1
Justin Harper,F,0.276,3.4,0.382,1.3,8.1,0.483,3.9,0.711,2.1,1.5,137,10.6,28.6,0,0
Matt Harpring,F,0.333,4.7,0.361,1.7,13.1,0.465,6.1,0.753,5.4,4.1,124,17.9,465.49999999999994,0,1
Josh Harrellson,C,0.347,0.3,0.31,0.1,3.6,0.549,2,0.649,1,0.6,94,4.7,97.5,0,1
Devin Harris,G,0.327,5.2,0.375,1.9,10.2,0.447,4.6,0.778,4.8,3.8,96,14.8,2379,0,0
Gary Harris,G,0.372,5.6,0.376,2.1,11.4,0.44,5,0.788,3.5,2.7,69,14.9,1037.3,0,1
Joe Harris,G,0.4,4.8,0.407,1.9,9.5,0.445,4.2,0.722,3.1,2.2,135,12.6,669.6,1,1
Lucious Harris,G,0.348,4.8,0.362,1.7,13.9,0.458,6.4,0.727,6.2,4.5,122,19,1120,0,1
Manny Harris,G,0.353,4.6,0.318,1.4,13.1,0.406,5.3,0.827,6,4.9,98,17,148.8,0,1
Terrel Harris,G,0.17,3.1,0.366,1.1,7.5,0.44,3.3,0.815,2.6,2.1,134,9.8,46.2,0,0
Tobias Harris,F,0.356,2.2,0.303,0.7,11.8,0.46,5.4,0.753,5,3.8,34,15.3,1478.4,0,1
Aaron Harrison,G,0.217,4.6,0.335,1.5,9.9,0.41,4.1,0.787,3.5,2.8,79,12.4,47.599999999999994,0,0
Andrew Harrison,G,0.302,2.4,0.367,0.9,7.6,0.372,2.8,0.777,4.6,3.6,79,10.1,294.4,0,0
Jason Hart,G,0.315,3.2,0.326,1.1,10.1,0.393,4,0.712,3.3,2.4,132,11.4,204.6,0,0
Josh Hart,G,0.383,3.6,0.389,1.4,9.1,0.511,4.6,0.72,3.4,2.5,146,13.2,183,0,1
Trenton Hassell,G,0.318,4.2,0.345,1.5,14.6,0.471,6.9,0.779,5.3,4.1,84,19.4,322,0,0
Spencer Hawes,C-F,0.35,0.1,0.333,0,11.7,0.532,6.2,0.755,3.2,2.4,31,14.9,1026,0,1
Hersey Hawkins,G,0.394,5.4,0.362,2,16.3,0.539,8.8,0.806,6.8,5.5,125,24.1,3145.6000000000004,0,1
Juaquin Hawkins,G-F,0.417,0.8,0.191,0.1,5.5,0.472,2.6,0.519,3,1.6,88,6.9,23.200000000000003,1,1
Michael Hawkins,G,0.305,3.6,0.382,1.4,7.3,0.418,3,0.739,2.3,1.7,112,9.2,60,0,0
Jarvis Hayes,F,0.356,5.1,0.369,1.9,15,0.457,6.8,0.772,3.1,2.4,84,18,1110.2,0,1
Gordon Hayward,F-G,0.368,4.6,0.369,1.7,9.2,0.47,4.3,0.824,4.9,4.1,69,14.4,1861.2,0,1
Lazar Hayward,F,0.269,3.4,0.357,1.2,10.7,0.452,4.8,0.789,3.3,2.6,138,13.5,79.2,0,0
Luther Head,G,0.388,4.3,0.382,1.6,7.5,0.473,3.5,0.752,1.9,1.4,128,10.1,1148.3999999999999,0,1
Cedric Henderson,F,0.14,2.6,0.304,0.8,12,0.45,5.4,0.629,3.5,2.2,123,13.8,52,0,0
Gerald Henderson,G,0.327,2,0.329,0.7,9.7,0.458,4.4,0.706,3.9,2.7,103,12.3,749,0,0
Mark Hendrickson,F,0.167,1.1,0.374,0.4,8.6,0.567,4.9,0.731,5.1,3.7,108,13.9,22.8,0,0
Myke Henry,F,0.314,1.9,0.333,0.6,6.7,0.475,3.2,0.703,1.7,1.2,120,8.3,50.4,0,0
Xavier Henry,G,0.325,4.6,0.418,1.9,9.8,0.458,4.5,0.783,3.2,2.5,36,13.4,129.5,0,0
Steve Henson,G,0.432,4.2,0.447,1.9,9.4,0.442,4.1,0.9,3.2,2.8,127,13,238,1,1
Chris Herren,G,0.328,5.2,0.367,1.9,11.3,0.458,5.2,0.636,4.4,2.8,87,15.1,119,0,0
Buddy Hield,G,0.411,6.8,0.39,2.6,13.2,0.448,5.9,0.836,3.4,2.8,132,17.4,784,1,1
Cory Higgins,G,0.2,2.7,0.347,0.9,10.6,0.467,4.9,0.825,5.2,4.3,132,15.2,26.4,0,0
Sean Higgins,G-F,0.321,3.2,0.448,1.4,9.9,0.49,4.8,0.785,1.8,1.4,72,12.5,286,0,0
George Hill,G,0.383,2.3,0.404,0.9,10.7,0.529,5.6,0.785,6.1,4.8,95,17,2191.2,0,1
Grant Hill,F-G,0.314,0.9,0.376,0.3,10.9,0.532,5.8,0.698,4.3,3,129,14.9,718.1999999999999,0,0
Solomon Hill,F,0.331,2.2,0.375,0.8,7.3,0.481,3.5,0.745,3.3,2.5,139,10.3,595.6999999999999,0,1
Darrun Hilliard,G,0.304,4.3,0.367,1.6,8.5,0.436,3.7,0.748,3.2,2.4,132,11.4,100.10000000000001,0,0
Kirk Hinrich,G,0.375,3.9,0.43,1.7,8.8,0.493,4.4,0.776,2.6,2,141,12.4,3164.4,0,1
Robert Hite,G,0.217,4.9,0.384,1.9,11.6,0.442,5.1,0.848,2.4,2,121,14.2,22.799999999999997,0,0
Fred Hoiberg,G,0.396,3.6,0.4,1.5,10.4,0.511,5.3,0.844,4.4,3.7,126,15.8,919.6999999999999,0,1
Jrue Holiday,G,0.361,2.5,0.307,0.8,7.1,0.45,3.2,0.726,1.8,1.3,35,8.5,1923.8999999999999,0,1
Justin Holiday,G,0.35,1.4,0.343,0.5,4.6,0.443,2,0.736,1,0.7,123,5.3,931.6,0,1
John Holland,G-F,0.269,5.6,0.355,2,12.9,0.434,5.6,0.807,4.9,4,129,17.1,26.4,0,0
Rondae Hollis-Jefferson,F,0.239,0.5,0.205,0.1,6.9,0.496,3.4,0.697,4.7,3.3,76,10.2,138.4,0,0
Richaun Holmes,F-C,0.257,0.9,0.353,0.3,7.7,0.554,4.2,0.697,3.8,2.7,95,11.5,154,0,0
Jerald Honeycutt,F-G,0.362,5,0.308,1.5,15,0.421,6.3,0.672,5.2,3.5,125,17.7,91.8,0,1
Rodney Hood,G-F,0.369,4.4,0.396,1.8,10.4,0.455,4.7,0.773,2.6,2,67,13.3,1264.8,0,1
Dennis Hopson,G-F,0.271,4.8,0.419,2,12.3,0.519,6.4,0.793,4.4,3.5,125,16.8,233.79999999999998,0,0
Al Horford,C-F,0.372,0,0,0,6.6,0.586,3.9,0.619,4.1,2.5,109,10.3,788.7,0,1
Robert Horry,F,0.341,2.6,0.371,1,9.3,0.458,4.3,0.742,3.2,2.4,134,11.9,2324.7000000000003,0,1
Danuel House,G,0.255,5,0.338,1.7,11.1,0.416,4.6,0.699,4.7,3.3,119,14.1,55.199999999999996,0,0
Eddie House,G,0.39,5.5,0.366,2,14.5,0.425,6.2,0.798,2.7,2.2,124,16.5,2079.2999999999997,0,1
Allan Houston,G,0.402,6.4,0.424,2.7,15.3,0.46,7,0.849,6,5.1,128,21.9,3272.1,1,1
Byron Houston,F,0.256,0.7,0.281,0.2,11.8,0.552,6.5,0.729,7.5,5.5,127,18.7,42.800000000000004,0,0
Josh Howard,F-G,0.332,2.4,0.353,0.9,10.5,0.483,5.1,0.708,4,2.9,127,13.9,1014,0,1
Lester Hudson,G,0.277,9.5,0.372,3.5,20.4,0.456,9.3,0.858,5.2,4.4,65,26.6,102.60000000000001,0,0
Troy Hudson,G,0.339,10.8,0.371,4,17.6,0.391,6.9,0.806,3.5,2.8,57,20.6,1344.2,0,1
Josh Huestis,F,0.309,1.5,0.319,0.5,6.4,0.451,2.9,0.61,2.1,1.3,135,7.5,125.8,0,0
Larry Hughes,G,0.309,4.5,0.29,1.3,16.9,0.415,7,0.692,8.1,5.6,32,20.9,1672.1,0,0
Robbie Hummel,F,0.343,4.4,0.389,1.7,10.4,0.443,4.6,0.841,3.7,3.1,127,14,137.2,0,1
Kris Humphries,F-C,0.293,1.7,0.34,0.6,17.2,0.444,7.6,0.742,7.9,5.9,29,21.7,160,0,0
Lindsey Hunter,G,0.36,7.1,0.353,2.5,17.8,0.409,7.3,0.709,4.3,3,119,20.1,2998.4,0,1
R.J. Hunter,G,0.284,7.2,0.354,2.6,13.3,0.423,5.6,0.853,5.3,4.5,99,18.4,68.8,0,0
Bobby Hurley,G,0.272,4.7,0.405,1.9,8.9,0.41,3.7,0.776,4.1,3.2,140,12.4,242.1,0,0
Andre Iguodala,G-F,0.333,1.9,0.274,0.5,7.8,0.424,3.3,0.738,3.3,2.5,62,9.6,2808,0,1
Brandon Ingram,F,0.329,5.4,0.41,2.2,13.4,0.442,5.9,0.682,4.7,3.2,36,17.3,289.8,0,0
Byron Irvin,G,0.35,3.1,0.368,1.1,8.5,0.501,4.3,0.756,4.1,3.1,127,12.2,17.400000000000002,0,1
Kyrie Irving,G,0.388,3.5,0.462,1.6,9.5,0.529,5,0.901,6.5,5.8,11,17.5,2293.2000000000003,0,1
Jonathan Isaac,F,0.348,2.8,0.348,1,8,0.508,4.1,0.78,3.7,2.9,32,12,45.9,0,1
Mike Iuzzolino,G,0.404,3.5,0.512,1.8,7.6,0.527,4,0.878,4.1,3.6,112,13.3,280.59999999999997,1,1
Allen Iverson,G,0.313,5.8,0.314,1.8,17.5,0.44,7.7,0.683,8.5,5.8,67,23,3381.8,0,0
Royal Ivey,G,0.361,1.2,0.338,0.4,6.1,0.455,2.8,0.709,2.6,1.9,133,7.8,442.8,0,1
Wesley Iwundu,F,0.167,1.1,0.338,0.4,6.9,0.463,3.2,0.688,3.8,2.6,132,9.5,42,0,0
Jarrett Jack,G,0.343,2.6,0.359,0.9,8.4,0.478,4,0.796,4.5,3.6,101,12.5,1816.5,0,1
Bobby Jackson,G,0.354,3.2,0.307,1,11.9,0.427,5.1,0.786,4.1,3.3,60,14.4,1963,0,1
Jaren Jackson,G-F,0.353,2.1,0.365,0.8,6.4,0.444,2.9,0.709,1.7,1.2,130,7.5,991.3,0,1
Jim Jackson,G,0.365,2.3,0.376,0.9,14.7,0.503,7.4,0.784,4.5,3.6,93,19.2,2389.5,0,1
Josh Jackson,F-G,0.263,2.6,0.378,1,12.3,0.513,6.3,0.566,4.9,2.8,35,16.3,215.6,0,0
Justin Jackson,G-F,0.322,4.2,0.34,1.4,11.5,0.46,5.3,0.712,2.8,2,118,14,178.20000000000002,0,0
Luke Jackson,F,0.36,3.4,0.402,1.4,11.1,0.461,5.1,0.849,4.7,4,126,15.6,87.6,0,1
Mark Jackson,G,0.332,3.9,0.419,1.6,7,0.51,3.5,0.751,3.5,2.7,131,10.1,2203.2,0,1
Reggie Jackson,G,0.321,3.5,0.351,1.2,9.9,0.465,4.6,0.753,3,2.3,99,12.7,1338,0,0
Casey Jacobsen,G-F,0.352,5.5,0.427,2.3,12.2,0.47,5.8,0.771,5.6,4.3,95,18.1,602.7,0,1
Sam Jacobson,G-F,0.36,3.6,0.365,1.3,11.2,0.437,4.9,0.718,2.8,2,130,13.1,27.200000000000003,0,1
Dave Jamerson,G-F,0.277,6.6,0.419,2.7,15.4,0.488,7.5,0.846,3.8,3.2,115,20.3,45,0,0
Mike James,G,0.379,2.5,0.329,0.8,10.9,0.444,4.8,0.726,3,2.2,111,12.7,1785,0,1
Mike James,G,0.265,3.9,0.339,1.3,12.7,0.441,5.6,0.803,3.3,2.6,56,15.1,97.2,0,0
Antawn Jamison,F,0.346,0.3,0.296,0.1,13.1,0.577,7.6,0.617,6.1,3.8,104,19,3357.3,0,1
Sarunas Jasikevicius,G,0.355,3,0.375,1.1,6,0.437,2.6,0.733,1.8,1.3,120,7.7,372.6,0,1
Chris Jefferies,G-F,0.365,4,0.338,1.4,10.1,0.436,4.4,0.628,4.5,2.8,88,12.9,93.60000000000001,0,1
Cory Jefferson,F,0.125,0.4,0.34,0.1,6.1,0.543,3.3,0.66,3.3,2.2,130,8.9,17.4,0,0
Richard Jefferson,F,0.376,1.9,0.368,0.7,8.1,0.49,4,0.718,3.5,2.5,84,11.2,2716.2999999999997,0,1
Jared Jeffries,F,0.25,1.7,0.325,0.6,11.2,0.45,5,0.643,5.8,3.8,70,14.4,314.5,0,0
Charles Jenkins,G,0.182,3.7,0.382,1.4,14.5,0.456,6.6,0.811,6.2,5,128,19.6,22,0,0
John Jenkins,G,0.364,7.1,0.438,3.1,11.2,0.468,5.3,0.856,3.8,3.3,98,16.9,261,0,1
Keith Jennings,G,0.374,3.6,0.493,1.8,9.1,0.549,5,0.861,4.5,3.9,127,15.7,360.8,0,1
Eugene Jeter,G,0.2,4.7,0.373,1.7,11.4,0.42,4.8,0.846,4.2,3.5,115,14.9,31,0,0
Avery Johnson,G,0.145,1.2,0.408,0.5,7.4,0.494,3.7,0.651,2.1,1.4,61,9.2,210.8,0,0
Chris Johnson,F-G,0.307,4.6,0.371,1.7,7.9,0.427,3.4,0.826,2.6,2.1,138,10.6,338.09999999999997,0,0
Dave Johnson,G-F,0.2,2.6,0.337,0.9,9.6,0.447,4.3,0.653,4.2,2.7,132,12.2,17.7,0,0
DerMarr Johnson,F,0.336,4.4,0.371,1.6,9.2,0.478,4.4,0.737,3,2.2,32,12.6,825.6,0,1
Ivan Johnson,F,0.158,0.1,0,0,5.9,0.5,2.9,0.634,2.5,1.6,28,7.5,25,0,0
James Johnson,F,0.3,2.8,0.296,0.8,11.2,0.515,5.8,0.693,3.6,2.5,61,14.8,817.5,0,0
Joe Johnson,G-F,0.371,2.9,0.406,1.2,12.2,0.466,5.7,0.753,3.2,2.4,53,15,5350.8,0,1
Kevin Johnson,G,0.305,3.6,0.387,1.4,10.7,0.477,5.1,0.757,4.5,3.4,118,14,514.5,0,0
Larry Johnson,F,0.332,1.1,0.349,0.4,12.7,0.643,8.2,0.789,6.1,4.8,75,21.6,1131.2,0,1
Linton Johnson,F,0.305,1.4,0.315,0.4,5.5,0.47,2.6,0.656,1.5,1,107,6.7,105.69999999999999,0,0
Nick Johnson,G,0.238,3.7,0.359,1.3,9.7,0.421,4.1,0.734,3.9,2.8,108,12.3,22.400000000000002,0,0
Orlando Johnson,G,0.311,4.6,0.391,1.8,13,0.457,6,0.72,5.7,4.1,124,17.8,154.5,0,0
Stanley Johnson,F,0.294,3.1,0.371,1.1,10.3,0.446,4.6,0.742,4.7,3.5,38,13.8,585.9000000000001,0,0
Tyler Johnson,G,0.371,2.5,0.372,0.9,8.4,0.456,3.8,0.716,2.7,1.9,128,10.5,675.2,0,1
Wesley Johnson,F-G,0.337,4,0.349,1.4,10.9,0.454,5,0.768,3.3,2.6,93,13.9,1763.9,0,1
Bobby Jones,F,0.306,1.4,0.367,0.5,6.8,0.501,3.4,0.707,3.5,2.5,125,9.8,63.699999999999996,0,0
Charles Jones,G,0.324,8.7,0.352,3,19.7,0.429,8.4,0.64,4,2.5,108,22.5,178.5,0,0
Dahntay Jones,G-F,0.329,2.4,0.344,0.8,10.7,0.452,4.9,0.745,4.4,3.3,131,13.8,312,0,0
Damon Jones,G,0.39,6.4,0.349,2.2,10.7,0.42,4.5,0.668,2.4,1.6,81,12.9,2430.9,0,1
DeQuan Jones,F,0.257,0.5,0.169,0.1,4.1,0.44,1.8,0.632,1.4,0.9,111,4.6,37.8,0,0
Derrick Jones,F,0.207,1.3,0.205,0.3,7.3,0.589,4.3,0.594,4.4,2.6,30,11.5,30.599999999999998,0,0
Dominique Jones,G,0.095,5.2,0.323,1.7,14.1,0.442,6.2,0.737,6.5,4.8,95,18.9,24,0,0
Eddie Jones,G-F,0.373,4.4,0.35,1.5,13.4,0.458,6.1,0.614,3.5,2.2,92,16,4102.2,0,1
Fred Jones,G-F,0.353,3.5,0.338,1.2,9.2,0.481,4.4,0.805,3.9,3.1,125,13.2,988.9999999999999,0,1
Jalen Jones,G,0.4,1.6,0.313,0.5,9.7,0.455,4.4,0.692,4.9,3.4,128,12.8,19.5,1,1
James Jones,F-G,0.401,2.7,0.383,1,8.9,0.426,3.8,0.831,3,2.5,122,11.1,1914.3000000000002,1,1
Jumaine Jones,F,0.349,4,0.351,1.4,13.2,0.449,5.9,0.751,4.4,3.3,65,16.6,1224.6000000000001,0,1
Perry Jones,F,0.293,0.7,0.279,0.2,10.5,0.522,5.5,0.678,3.8,2.6,63,13.7,128.70000000000002,0,0
Popeye Jones,F,0.281,0.7,0.345,0.2,12.9,0.493,6.4,0.751,5,3.8,123,16.7,107,0,0
Terrence Jones,F,0.299,1.7,0.328,0.6,10.8,0.467,5,0.638,5.3,3.4,76,14,301.6,0,0
Tyus Jones,G,0.339,3.2,0.379,1.2,8.3,0.417,3.5,0.889,4.2,3.7,39,11.8,247.79999999999998,0,1
Michael Jordan,G-F,0.327,2.1,0.447,0.9,13.2,0.54,7.1,0.748,4.2,3.1,101,17.7,1822.3999999999999,0,0
Cory Joseph,G,0.332,3.5,0.413,1.4,8.9,0.422,3.8,0.699,2,1.4,36,10.4,534,0,1
Frank Kaminsky,F-C,0.347,1.9,0.369,0.7,7,0.522,3.7,0.763,2.7,2.1,144,10.1,819,0,1
Jason Kapono,F,0.434,5.6,0.446,2.5,11.7,0.469,5.5,0.83,3.6,3,127,16.5,1068.9,1,1
Coby Karl,G,0.25,5.6,0.371,2.1,9.5,0.413,3.9,0.787,4.3,3.4,127,13.4,24,0,0
Ryan Kelly,F,0.316,2.1,0.379,0.8,5.4,0.46,2.5,0.805,2.2,1.7,126,7.5,326,0,0
Luke Kennard,G,0.41,5.1,0.383,2,11.2,0.461,5.2,0.867,3.9,3.4,73,15.7,184.6,1,1
Steve Kerr,G,0.454,5.2,0.573,3,7.8,0.548,4.3,0.815,2.1,1.7,129,11.2,1638,1,1
Randolph Keys,F-G,0.272,1.7,0.294,0.5,12,0.476,5.7,0.698,2.4,1.7,121,13.4,144.6,0,0
Jason Kidd,G,0.349,3.8,0.333,1.3,10.8,0.468,5.1,0.677,5.1,3.5,59,14.9,5703.0999999999995,0,1
Sean Kilpatrick,G,0.333,6.4,0.347,2.2,12.1,0.419,5.1,0.78,3.8,3,140,15.3,573.5,0,1
Bo Kimble,G,0.291,6.4,0.407,2.6,17.3,0.484,8.4,0.822,4.8,3.9,104,22.6,84,0,0
Chris King,F,0.383,0.7,0.377,0.3,12,0.519,6.2,0.64,4,2.5,113,15.2,123.6,0,1
Jimmy King,G,0.147,2.7,0.351,0.9,9.4,0.477,4.5,0.676,2.9,2,130,11.9,32,0,0
Tarence Kinsey,G,0.324,2.9,0.356,1,8.2,0.421,3.4,0.737,2.5,1.8,123,9.8,76.3,0,0
Kerry Kittles,G,0.378,5.8,0.394,2.3,14.1,0.478,6.7,0.719,3.7,2.6,122,18.4,1825.2,0,1
Linas Kleiza,F,0.335,2.8,0.287,0.8,11.3,0.413,4.7,0.707,6.1,4.3,49,14.4,1145.1999999999998,0,1
Brandon Knight,G,0.357,6.1,0.377,2.3,13.5,0.423,5.7,0.795,4.5,3.6,38,17.3,1757.1999999999998,0,1
Brevin Knight,G,0.134,2.4,0.336,0.8,10.8,0.416,4.5,0.798,6.4,5.1,115,14.9,145.8,0,0
Negele Knight,G,0.263,2.4,0.425,1,11,0.469,5.2,0.746,5,3.7,122,14.8,82.8,0,0
Travis Knight,C,0.259,0,0,0,5,0.518,2.6,0.622,1.6,1,124,6.1,74.2,0,0
Frank Kornet,F,0.263,0.1,0.333,0,6,0.534,3.2,0.642,2.4,1.5,117,8,35.6,0,0
Luke Kornet,F,0.329,3.7,0.32,1.2,7.2,0.417,3,0.779,2.2,1.7,128,8.9,70.2,0,0
Kyle Korver,G-F,0.432,6.4,0.453,2.9,9.3,0.472,4.4,0.891,2.7,2.4,128,14.1,5073.799999999999,1,1
Rob Kurz,F,0.395,1.6,0.409,0.7,6,0.468,2.8,0.81,3.8,3.1,108,9.4,40,0,1
Skal Labissiere,F,0.356,0.1,0,0,5.3,0.516,2.7,0.661,1.7,1.1,36,6.6,55.8,0,1
Christian Laettner,F-C,0.261,1.1,0.485,0.5,9.8,0.574,5.6,0.806,6,4.8,148,16.6,347.20000000000005,0,0
Raef LaFrentz,F-C,0.363,0.3,0.371,0.1,11.3,0.555,6.3,0.712,4.3,3.1,131,15.8,1294.8999999999999,0,1
Doron Lamb,G,0.394,3.9,0.475,1.8,8.9,0.485,4.3,0.811,3.2,2.6,78,13.1,130,0,1
Jeremy Lamb,G-F,0.337,4.5,0.348,1.6,11,0.482,5.3,0.806,2.4,1.9,75,14.1,958.5000000000001,0,1
Marcus Landry,F,0.321,1.5,0.361,0.5,7.2,0.49,3.5,0.67,2.4,1.6,121,9.2,28.8,0,0
Trajan Langdon,G,0.396,5.9,0.426,2.5,10.1,0.451,4.6,0.862,3.3,2.8,136,14.5,214.20000000000002,0,1
Dan Langhi,F,0.289,3,0.383,1.1,9,0.445,4,0.831,3.9,3.3,121,12.4,39.9,0,0
Shane Larkin,G,0.335,4,0.375,1.5,8.6,0.438,3.8,0.808,2.7,2.2,68,11.2,355.59999999999997,0,1
Rusty LaRue,G,0.318,3.3,0.434,1.4,4.7,0.45,2.1,0.865,0.7,0.6,107,6.2,166.6,0,0
Zach LaVine,G,0.373,3.5,0.375,1.3,7.8,0.441,3.4,0.691,1.8,1.3,37,9.4,920,0,1
Acie Law,G,0.235,2.6,0.357,0.9,10.6,0.466,5,0.76,3.7,2.8,122,13.7,112.8,0,0
Ty Lawson,G,0.359,2.6,0.403,1.1,8.5,0.517,4.4,0.78,4.1,3.2,105,13.1,1322.3999999999999,0,1
Jake Layman,F,0.239,3.9,0.362,1.4,7.7,0.445,3.4,0.759,2.6,1.9,141,10.2,69,0,0
T.J. Leaf,F,0.462,1.7,0.466,0.8,10.9,0.617,6.7,0.679,3,2.1,35,16.3,41.6,1,1
Courtney Lee,G,0.389,4.8,0.401,1.9,13.6,0.464,6.3,0.817,3.7,3.1,127,17.6,2180.7999999999997,0,1
Damion Lee,G,0.268,5.7,0.362,2.1,11.7,0.433,5.1,0.843,4.6,3.9,125,16.1,56,0,0
Doug Lee,G-F,0.31,3.1,0.383,1.2,6.3,0.482,3,0.662,1.8,1.2,116,7.6,58.400000000000006,0,0
Malcolm Lee,G,0.294,2.7,0.278,0.8,7.5,0.441,3.3,0.717,3.2,2.3,94,9.7,32.4,0,0
Tim Legler,G,0.431,5.3,0.456,2.4,11.3,0.486,5.5,0.791,2.2,1.8,121,14,589,1,1
Voshon Lenard,G,0.384,5.9,0.366,2.2,12.7,0.448,5.7,0.802,3.7,3,127,16.6,2429.5,0,1
Kawhi Leonard,F,0.386,2.3,0.25,0.6,12,0.449,5.4,0.744,3.7,2.8,70,14.1,1383.8,0,1
Meyers Leonard,C-F,0.373,0.2,0.083,0,5.4,0.567,3,0.729,2.2,1.6,65,7.7,595.8000000000001,0,1
Jon Leuer,F,0.335,2.2,0.368,0.8,8.7,0.482,4.2,0.723,2.7,2,123,11.2,369.6,0,1
Caris LeVert,G-F,0.336,3.2,0.401,1.3,8.2,0.434,3.6,0.77,2.6,2,103,10.4,419.09999999999997,0,1
Quincy Lewis,F,0.333,2.9,0.344,1,10.4,0.46,4.8,0.723,2.9,2.1,127,12.7,111.3,0,1
Reggie Lewis,G-F,0.2,3.1,0.33,1,17.2,0.497,8.5,0.756,6.4,4.9,122,22.2,135,0,0
Marcus Liberty,F,0.34,0.5,0.424,0.2,10,0.495,5,0.769,3.2,2.5,65,12.6,186.89999999999998,0,1
Todd Lichti,G-F,0.244,2.5,0.477,1.2,12.3,0.538,6.6,0.84,5.6,4.7,124,18.8,71.1,0,0
DeAndre Liggins,G,0.352,1.9,0.332,0.6,4.8,0.407,1.9,0.643,2,1.3,100,5.8,122.49999999999999,0,1
Damian Lillard,G,0.369,6.1,0.39,2.4,12.6,0.446,5.6,0.867,5.8,5,104,18.6,3409.1,0,1
Jeremy Lin,G,0.35,2.8,0.333,0.9,9.1,0.481,4.4,0.733,4.3,3.2,115,12.9,1136.8,0,1
Randy Livingston,G,0.351,2.9,0.247,0.7,9.2,0.392,3.6,0.72,3.4,2.5,29,10.4,101.5,0,1
Brad Lohaus,F-C,0.361,1.3,0.356,0.5,5.2,0.467,2.4,0.695,1.8,1.2,115,6.3,1115.2,0,1
Shawn Long,C-F,0.368,2.4,0.341,0.8,12.8,0.503,6.5,0.676,5.3,3.6,135,17.3,19.8,0,1
Brook Lopez,C,0.334,0.4,0.143,0.1,12.7,0.48,6.1,0.764,4.9,3.7,53,16,760.8,0,1
Felipe Lopez,G,0.327,4.4,0.296,1.3,14.2,0.415,5.9,0.657,5.9,3.9,114,16.9,149.4,0,0
Kevin Love,F,0.37,2.1,0.354,0.7,10.4,0.559,5.8,0.767,6.6,5.1,39,17.5,2726.2,0,1
Kyle Lowry,G,0.369,0.7,0.325,0.2,7.1,0.449,3.2,0.737,4,2.9,57,9.5,3708.3,0,1
John Lucas III,G,0.344,5.8,0.383,2.2,11.9,0.445,5.3,0.869,2.4,2.1,126,14.9,484,0,1
Tyronn Lue,G,0.391,4.1,0.356,1.5,12.7,0.446,5.7,0.788,4,3.2,99,15.9,1163.4,0,1
Trey Lyles,F,0.358,0.8,0.138,0.1,6.7,0.488,3.3,0.735,2.8,2.1,36,8.7,557.5,0,1
George Lynch,F,0.306,0.2,0.344,0.1,9.8,0.519,5.1,0.651,3.4,2.2,140,12.5,464.4,0,0
Sheldon Mac,G,0.233,3.7,0.34,1.3,9.9,0.455,4.5,0.818,4.5,3.7,141,13.9,30,0,0
Sam Mack,F-G,0.374,2.4,0.376,0.9,10.7,0.474,5.1,0.751,5,3.7,60,14.7,880.6,0,1
Shelvin Mack,G,0.327,5.6,0.357,2,11.4,0.419,4.8,0.755,3.4,2.6,108,14.1,794,0,0
Don MacLean,F,0.284,0.3,0.314,0.1,14,0.531,7.4,0.86,6.5,5.6,127,20.5,191.4,0,0
Mark Macon,G,0.27,5.2,0.374,2,18.4,0.423,7.8,0.779,4.1,3.2,126,20.7,125.5,0,0
Gerald Madkins,G,0.375,2.4,0.399,1,5,0.52,2.6,0.725,2,1.5,123,7.6,33.599999999999994,0,1
Corey Maggette,F,0.324,2.2,0.345,0.7,6.7,0.525,3.5,0.716,4,2.8,39,10.6,1405.8999999999999,0,0
Dan Majerle,G-F,0.358,2,0.431,0.9,15.7,0.536,8.4,0.631,7,4.4,94,21.8,3820,0,1
Matt Maloney,G,0.372,6,0.405,2.4,9.8,0.419,4.1,0.793,1.8,1.5,113,12.1,1062,0,1
Danny Manning,F-C,0.206,0.4,0.345,0.1,13.9,0.593,8.3,0.74,4.7,3.5,147,20.1,176.60000000000002,0,0
Devyn Marble,G-F,0.222,2.9,0.338,1,10,0.415,4.1,0.726,4.4,3.2,136,12.5,52.8,0,0
Stephon Marbury,G,0.325,6.6,0.37,2.4,14.3,0.457,6.5,0.738,4.6,3.4,36,18.9,3045.6,0,0
Shawn Marion,F,0.331,2.3,0.299,0.7,14.4,0.529,7.6,0.73,3.8,2.8,29,18.7,2442.3,0,1
Lauri Markkanen,F-C,0.36,4.4,0.423,1.9,10.2,0.492,5,0.835,4.4,3.7,37,15.6,389.40000000000003,0,1
Donny Marshall,F,0.336,1.3,0.302,0.4,7.4,0.474,3.5,0.791,3.2,2.5,121,9.9,130.9,0,1
Donyell Marshall,F,0.35,2.7,0.306,0.8,13.5,0.487,6.6,0.77,5.4,4.1,91,18.1,2583.9,0,1
Kendall Marshall,G,0.37,1.8,0.366,0.7,5.6,0.446,2.5,0.693,2.2,1.5,73,7.2,352,0,1
Rawle Marshall,G-F,0.238,3.4,0.311,1,12.7,0.445,5.6,0.727,5.8,4.2,103,16.5,18.9,0,0
Cartier Martin,F,0.372,4,0.399,1.6,10.1,0.458,4.6,0.78,3.8,2.9,112,13.8,583.1999999999999,0,1
Darrick Martin,G,0.34,1.7,0.322,0.5,6.9,0.458,3.1,0.754,3.2,2.4,129,9.3,1028,0,1
Jarell Martin,F,0.344,2,0.308,0.6,10.1,0.494,5,0.689,4.5,3.1,65,13.7,127.8,0,1
Jeff Martin,G,0.282,2.5,0.449,1.1,15.2,0.522,7.9,0.766,6,4.6,117,21.2,100.1,0,0
Kenyon Martin,F,0.234,0.1,0.222,0,7.5,0.586,4.4,0.581,3.7,2.2,116,11,302.8,0,0
Kevin Martin,G,0.384,6.4,0.346,2.2,15.5,0.462,7.2,0.841,8,6.8,79,23.3,2998.8,0,1
Maurice Martin,F-G,0.211,2,0.404,0.8,11.3,0.516,5.8,0.737,4.4,3.3,114,15.1,20.7,0,0
Jamal Mashburn,F,0.345,4,0.376,1.5,13.3,0.516,6.9,0.697,5.1,3.5,98,18.8,2199.6,0,1
Desmond Mason,F,0.26,2.7,0.372,1,9.8,0.486,4.8,0.731,3.6,2.6,129,13.2,257.2,0,0
Frank Mason,G,0.36,3,0.42,1.3,9.2,0.454,4.2,0.761,4.4,3.3,145,13,88.39999999999999,0,1
Roger Mason,G,0.383,4.1,0.375,1.5,10,0.436,4.4,0.869,4.1,3.6,89,13.8,1554,0,1
Wesley Matthews,G,0.383,2.3,0.341,0.8,9.1,0.444,4,0.799,5.4,4.3,127,13.2,3667.9999999999995,0,1
Vernon Maxwell,G,0.32,4.1,0.375,1.5,15.3,0.462,7.1,0.715,5.4,3.9,130,18.8,3932.9999999999995,0,0
Lee Mayberry,G,0.377,3.7,0.424,1.6,10.5,0.495,5.2,0.724,2.7,2,139,14,992,0,1
Tharon Mayes,G,0.366,4.4,0.38,1.7,12.2,0.495,6.1,0.784,3.3,2.6,77,16.4,40.8,0,1
Eric Maynor,G,0.35,3,0.37,1.1,11.2,0.449,5,0.791,4.9,3.9,130,15,320.4,0,1
O.J. Mayo,G,0.373,6.5,0.409,2.7,16.2,0.442,7.2,0.803,4.6,3.7,33,20.7,2297.4,0,1
Travis Mays,G,0.362,5.4,0.37,2,13.8,0.442,6.1,0.746,5.6,4.2,124,18.4,287.5,0,1
Luc Mbah a Moute,F,0.336,0.9,0.215,0.2,6.8,0.503,3.4,0.668,2.5,1.7,107,8.7,612.9,0,1
James Michael McAdoo,F,0.294,0.1,0,0,9.7,0.447,4.3,0.569,4.9,2.8,108,11.4,22.200000000000003,0,0
Ray McCallum,G,0.335,3.3,0.29,1,11.5,0.465,5.4,0.723,5.8,4.2,102,15.9,215.6,0,1
Rashad McCants,G,0.368,5.4,0.415,2.3,12.9,0.486,6.3,0.721,3.8,2.8,98,17.6,796.8000000000001,0,1
Walter McCarty,F,0.346,1.8,0.401,0.7,6.6,0.515,3.4,0.684,2.4,1.6,103,9.2,1304.6000000000001,0,1
Patrick McCaw,G,0.296,5.2,0.367,1.9,9.6,0.439,4.2,0.753,2.5,1.9,65,12.2,204.8,0,0
George McCloud,G-F,0.358,5.2,0.436,2.3,9.8,0.46,4.5,0.778,3.5,2.7,117,13.5,2604.4,0,1
C.J. McCollum,G,0.408,5.2,0.377,2,15.7,0.439,6.9,0.825,6.7,5.5,111,21.3,1593.3,1,1
T.J. McConnell,G,0.328,2.6,0.38,1,8.1,0.49,4,0.749,1.7,1.3,139,10.2,212.4,0,0
Chris McCullough,F,0.306,0.1,1,0.1,7.1,0.478,3.4,0.563,4.4,2.5,16,9.3,47.2,0,0
K.J. McDaniels,G-F,0.29,2.8,0.313,0.9,8.6,0.45,3.9,0.767,3.2,2.4,94,11,236.8,0,0
Doug McDermott,F,0.403,4.1,0.458,1.9,14.3,0.55,7.9,0.831,4.9,4.1,145,21.7,712.8000000000001,1,1
Rodney McGruder,G,0.345,3.7,0.381,1.4,9.3,0.452,4.2,0.759,2.5,1.9,135,11.7,253.8,0,1
Jeff McInnis,G,0.328,3.5,0.397,1.4,8.8,0.459,4,0.719,2.6,1.8,100,11.3,921.6,0,0
Derrick McKey,F-C,0.316,1.5,0.42,0.6,9.8,0.58,5.7,0.797,3,2.4,88,14,655.9,0,0
Aaron McKie,G,0.35,5.3,0.366,1.9,14.5,0.421,6.1,0.79,4.8,3.8,92,17.9,1110.1999999999998,0,1
Ben McLemore,G,0.352,4.7,0.42,2,10.8,0.495,5.4,0.87,3.7,3.2,37,15.9,1179.8,0,1
Keith McLeod,G,0.282,4.5,0.399,1.8,12.1,0.426,5.2,0.791,6.3,5,111,17.1,200,0,0
Roshown McLeod,F,0.111,1.5,0.383,0.6,8.3,0.479,4,0.711,3,2.1,126,10.7,45.2,0,0
Jordan McRae,G,0.384,4.6,0.343,1.6,10.4,0.417,4.4,0.769,4,3.1,114,13.3,70.8,0,1
Josh McRoberts,F,0.34,0.5,0.278,0.1,7.5,0.54,4,0.664,3.8,2.5,69,10.8,562.9,0,1
Darnell Mee,G,0.222,4.7,0.334,1.6,11.2,0.429,4.8,0.712,3.6,2.6,91,13.8,28,0,0
Jodie Meeks,G,0.372,5.7,0.386,2.2,10.9,0.436,4.8,0.89,4.1,3.7,81,15.4,2067,0,1
Gal Mekel,G,0.217,2.7,0.306,0.8,5.7,0.379,2.2,0.809,1.9,1.5,62,6.7,24.5,0,0
Ron Mercer,G-F,0.25,2.8,0.344,0.9,11,0.483,5.3,0.782,2.2,1.8,76,13.3,259.2,0,0
Loren Meyer,C,0.348,0.1,0.214,0,7.8,0.556,4.4,0.713,3.9,2.8,111,11.5,28,0,1
Jordan Mickey,F,0.118,0.2,0.071,0,10.8,0.518,5.6,0.669,4.3,2.9,65,14,19.2,0,0
Khris Middleton,F-G,0.392,3.3,0.321,1.1,9.1,0.431,3.9,0.768,3.1,2.4,87,11.3,1466.3999999999999,0,1
Andre Miller,G,0.217,1.5,0.294,0.4,8.6,0.513,4.4,0.676,4.2,2.9,134,12.1,912.8,0,0
Brad Miller,C,0.33,0.2,0.259,0.1,6.7,0.572,3.8,0.754,5.6,4.2,128,12,607.5999999999999,0,1
Darius Miller,F,0.395,3,0.379,1.2,6.5,0.448,2.9,0.815,1.5,1.2,152,8.2,491.40000000000003,0,1
Malcolm Miller,F,0.381,2.5,0.37,0.9,6.7,0.445,3,0.765,2.8,2.2,112,9,21,0,1
Mike Miller,F-G,0.407,3.5,0.345,1.2,9.2,0.483,4.5,0.718,4.4,3.1,65,13.3,3921.6,1,1
Quincy Miller,F,0.292,1.9,0.348,0.6,8.4,0.447,3.7,0.816,3.1,2.5,37,10.6,110.4,0,0
Reggie Miller,G-F,0.395,4.9,0.439,2.2,11.5,0.547,6.3,0.836,4.8,4,122,17.2,6528.3,0,1
Chris Mills,F,0.351,3,0.375,1.1,12.4,0.508,6.3,0.767,3.6,2.7,126,16.5,1249.6000000000001,0,1
Patty Mills,G,0.391,6.7,0.331,2.2,13.4,0.415,5.6,0.806,3.7,3,58,16.4,1875.6000000000001,0,1
Terry Mills,F,0.384,0,0,0,10.4,0.562,5.9,0.755,2.7,2,102,13.8,1356,0,1
Elijah Millsap,G-F,0.279,2,0.291,0.6,10.6,0.422,4.4,0.629,5.3,3.3,87,12.8,103.5,0,0
Paul Millsap,F,0.331,0.2,0.375,0.1,12.4,0.577,7.2,0.62,6.8,4.2,92,18.6,1134.9,0,1
Harold Miner,G,0.311,5.5,0.367,2,17.5,0.453,7.9,0.814,6.9,5.6,87,23.5,80,0,0
Greg Minor,G-F,0.226,2.7,0.363,1,9.3,0.507,4.7,0.739,3,2.2,95,12.6,110.80000000000001,0,0
Donovan Mitchell,G,0.339,4.6,0.329,1.5,9.8,0.418,4.1,0.788,2.5,2,65,11.7,539,0,1
Cuttino Mobley,G,0.378,4.4,0.354,1.6,11.5,0.438,5,0.821,3.4,2.8,93,14.3,2838.6,0,1
Malik Monk,G,0.343,6.9,0.397,2.7,14.7,0.45,6.6,0.822,4.7,3.9,38,19.8,235.6,0,1
Rodney Monroe,G,0.222,6,0.436,2.6,15.6,0.457,7.1,0.836,4.4,3.7,124,20.6,26.599999999999998,0,0
E'Twaun Moore,G,0.385,4.6,0.38,1.7,12.7,0.44,5.6,0.729,3.3,2.4,140,15.3,1058,0,1
Tracy Moore,G-F,0.344,2.8,0.454,1.3,12.7,0.461,5.8,0.733,3.8,2.8,121,15.1,226.1,0,1
Chris Morris,F,0.306,2,0.339,0.7,10.8,0.501,5.4,0.712,3.1,2.2,128,13.4,1643.4,0,0
Darius Morris,G,0.322,1.5,0.223,0.3,8,0.469,3.8,0.695,2.9,2,67,9.9,145.20000000000002,0,0
Marcus Morris,F,0.358,1.1,0.358,0.4,8.4,0.555,4.7,0.66,4.3,2.9,109,12.6,1688.4,0,1
Markieff Morris,F,0.339,0.9,0.404,0.3,5.7,0.553,3.1,0.653,2.9,1.9,109,8.5,1089.9,0,1
Terence Morris,F,0.196,2.2,0.338,0.7,9.6,0.495,4.7,0.78,3.2,2.5,136,12.7,111.2,0,0
Adam Morrison,F,0.331,3.7,0.368,1.3,14,0.503,7,0.761,5.5,4.2,95,19.7,370.29999999999995,0,1
Anthony Morrow,G,0.417,5,0.421,2.1,8.8,0.437,3.8,0.867,1.8,1.6,123,11.4,1917.6,1,1
Dwayne Morton,F,0.36,2.5,0.461,1.2,10.4,0.524,5.4,0.711,4.2,3,95,15,24.599999999999998,0,1
John Morton,G,0.224,2.2,0.391,0.9,9.1,0.453,4.1,0.771,4.5,3.5,131,12.4,64,0,0
Lawrence Moten,G,0.299,5.2,0.316,1.6,14.3,0.483,6.9,0.716,5.3,3.8,121,19.3,202.29999999999998,0,0
Shabazz Muhammad,F-G,0.318,3.3,0.377,1.3,14.3,0.443,6.3,0.711,5.6,4,32,17.9,387.79999999999995,0,0
Byron Mullens,C,0.319,0,0,0,5.7,0.638,3.6,0.559,2.8,1.6,33,8.8,340.2,0,0
Xavier Munford,G,0.36,6.4,0.335,2.1,14.5,0.398,5.8,0.71,4.9,3.5,61,17.1,26,0,1
Eric Murdock,G,0.343,4.1,0.354,1.4,13.5,0.435,5.9,0.784,5.2,4.1,117,17.3,863.6,0,1
Tod Murphy,C-F,0.29,0.1,0.5,0,9.9,0.556,5.5,0.781,5.3,4.2,117,15.2,57.3,0,0
Troy Murphy,F-C,0.388,2,0.335,0.7,14.6,0.496,7.2,0.777,8,6.2,94,21.4,1603.8000000000002,0,1
Dejounte Murray,G,0.316,3.5,0.288,1,14.3,0.416,5.9,0.663,4.9,3.2,34,16.1,58.5,0,0
Jamal Murray,G,0.361,7.7,0.408,3.1,14.9,0.454,6.8,0.783,4.2,3.3,36,20,772.8,0,1
Lamond Murray,F,0.36,3.3,0.337,1.1,15,0.489,7.3,0.713,4.8,3.4,88,19.2,1472,0,1
Tracy Murray,F,0.388,4.9,0.411,2,12.9,0.5,6.5,0.791,4.2,3.4,98,18.3,1911.1,0,1
Mike Muscala,F-C,0.38,0.5,0.313,0.2,10.8,0.501,5.4,0.819,5.2,4.3,133,15.3,338.79999999999995,0,1
Abdel Nader,F,0.371,3.6,0.305,1.1,9.5,0.391,3.7,0.731,2.5,1.8,117,10.3,59.800000000000004,0,1
Eduardo Najera,F,0.311,2.3,0.288,0.7,11.3,0.43,4.9,0.669,4,2.7,126,13.1,371.4,0,0
Larry Nance,F-C,0.224,1,0.308,0.3,8,0.521,4.1,0.771,3.5,2.7,123,11.3,57,0,0
Shabazz Napier,G,0.363,4.8,0.375,1.8,10.1,0.411,4.2,0.813,4.4,3.6,143,13.7,531.3,0,1
Steve Nash,G,0.428,5.8,0.401,2.3,10.9,0.43,4.7,0.867,3.8,3.3,113,14.9,3894.4,1,1
Craig Neal,G,0.302,2.8,0.388,1.1,5,0.454,2.3,0.763,1.8,1.4,127,6.4,44.099999999999994,0,0
Gary Neal,G,0.382,8,0.359,2.9,16.3,0.427,7,0.827,5.9,4.9,106,21.7,1196.8,0,1
Jameer Nelson,G,0.368,5,0.365,1.8,12.4,0.454,5.6,0.786,4.7,3.7,125,16.8,3160.8,0,1
Tyrone Nesby,F,0.316,4.7,0.307,1.4,14.9,0.389,5.8,0.715,4.4,3.1,65,16.2,612,0,0
Ira Newble,F,0.341,0.3,0.235,0.1,7.1,0.548,3.9,0.643,1.7,1.1,58,8.9,266,0,1
Andrew Nicholson,F,0.321,0.6,0.377,0.2,11.4,0.575,6.6,0.72,5.1,3.7,123,17.1,285,0,0
David Noel,F,0.321,1.4,0.354,0.5,5.2,0.532,2.7,0.587,1.6,0.9,127,6.9,54.400000000000006,0,0
Ken Norman,F,0.312,0.1,0.25,0,10,0.609,6.1,0.736,4.1,3,92,15.1,710.6,0,0
Steve Novak,F,0.43,6.1,0.461,2.8,8.4,0.456,3.8,0.931,2.1,1.9,126,12.4,1354.3,1,1
James Nunnally,F,0.32,3.9,0.386,1.5,9.8,0.465,4.5,0.784,4,3.1,123,13.7,24.7,0,0
David Nwaba,G,0.321,0.3,0.167,0,9,0.473,4.2,0.65,5.2,3.4,88,11.9,52.8,0,0
Ed O'Bannon,F,0.222,2,0.394,0.8,11.3,0.513,5.8,0.739,4.3,3.1,117,15.5,128,0,0
Johnny O'Bryant,F-C,0.36,0.3,0.222,0.1,10.5,0.467,4.9,0.619,4.6,2.8,91,12.7,44.1,0,1
Royce O'Neale,F,0.342,2.7,0.399,1.1,6.4,0.477,3.1,0.751,3,2.2,134,9.5,113.89999999999999,0,1
Kyle O'Quinn,F-C,0.216,1.6,0.261,0.4,8.6,0.553,4.7,0.685,3.8,2.6,129,12.5,118.8,0,0
Lamar Odom,F,0.312,3.1,0.33,1,13.2,0.482,6.3,0.687,5.7,3.9,32,17.6,2114.2000000000003,0,0
Victor Oladipo,G,0.353,1.4,0.338,0.5,7.3,0.538,3.9,0.716,3.5,2.5,104,10.7,1537.2,0,1
Brian Oliver,G,0.227,2.1,0.385,0.8,10.4,0.516,5.4,0.742,4.1,3,127,14.6,23.6,0,0
Dean Oliver,G,0.158,3.5,0.368,1.3,9.6,0.384,3.7,0.754,4.9,3.7,126,12.4,17.5,0,0
Jimmy Oliver,G-F,0.34,3.4,0.406,1.4,8,0.465,3.7,0.751,2.4,1.8,90,10.7,46.8,0,1
Kelly Olynyk,C-F,0.371,0.7,0.333,0.2,5.6,0.594,3.3,0.709,2.8,2,101,8.9,950.4000000000001,0,1
Kelly Oubre,F,0.32,2.6,0.358,0.9,6.9,0.444,3.1,0.718,3.1,2.2,36,9.3,618.8,0,0
Doug Overton,G,0.319,3.1,0.378,1.2,11.4,0.486,5.6,0.814,2.8,2.3,123,14.6,349.29999999999995,0,0
Andre Owens,G,0.375,6.2,0.34,2.1,11.5,0.385,4.4,0.737,3.1,2.2,117,13.2,54,0,1
Billy Owens,F-G,0.291,1.5,0.325,0.5,13.6,0.505,6.9,0.682,5.4,3.7,103,17.9,300,0,0
Larry Owens,F,0.444,1.2,0.346,0.4,7.9,0.545,4.3,0.569,3.2,1.8,66,10.9,17.1,1,1
Robert Pack,G,0.292,2,0.295,0.6,9.7,0.476,4.6,0.742,4.9,3.6,57,13.4,386.4,0,0
Gerald Paddio,F-G,0.242,7.1,0.395,2.8,13.3,0.437,5.8,0.764,2.2,1.6,73,16,38.699999999999996,0,0
Scott Padgett,F,0.373,3.4,0.364,1.2,7.7,0.449,3.5,0.759,2.7,2.1,122,10.3,627.1999999999999,0,1
Milt Palacio,G,0.235,2.6,0.361,0.9,8.8,0.466,4.1,0.715,4.1,3,88,12.1,188,0,0
Jannero Pargo,G,0.356,6.6,0.425,2.8,10.9,0.455,5,0.82,2,1.7,60,14.4,1147.6999999999998,0,1
Jeremy Pargo,G,0.313,1.8,0.311,0.6,7.3,0.465,3.4,0.704,2.7,1.9,134,9.3,107.9,0,0
Anthony Parker,G,0.404,4.6,0.379,1.7,10.5,0.447,4.7,0.75,5.2,3.9,112,15,1482,1,1
Jabari Parker,F,0.349,3,0.358,1.1,14.3,0.473,6.7,0.748,6.1,4.6,35,19.1,307.7,0,1
Smush Parker,G,0.345,6.2,0.328,2,12.6,0.433,5.5,0.73,4.9,3.6,28,16.5,849.4,0,1
Chandler Parsons,F,0.377,3.2,0.337,1.1,7.8,0.477,3.7,0.611,2.8,1.7,142,10.2,1722,0,1
Lamar Patterson,G-F,0.236,3.1,0.369,1.1,7.4,0.435,3.2,0.723,2.6,1.9,149,9.5,56,0,0
Patrick Patterson,F,0.369,0.8,0.329,0.2,10.9,0.585,6.4,0.734,4.3,3.2,97,16.1,1281.1,0,1
Ruben Patterson,F,0.179,2.1,0.274,0.6,10.6,0.515,5.5,0.603,5.4,3.3,50,14.8,194.7,0,0
Brandon Paul,G,0.269,4.7,0.325,1.5,9.8,0.384,3.8,0.724,4,2.9,138,12,49.6,0,0
Chris Paul,G,0.371,2.9,0.47,1.4,9.3,0.472,4.4,0.838,5.8,4.9,63,15,3029.4,0,1
Adreian Payne,F-C,0.254,1.1,0.409,0.4,6.2,0.526,3.2,0.755,2.7,2,138,8.9,64.2,0,0
Cameron Payne,G,0.332,6.3,0.359,2.3,14.6,0.432,6.3,0.781,4.7,3.7,69,18.5,277.5,0,1
Kenny Payne,F-G,0.293,2.3,0.401,0.9,7.4,0.469,3.5,0.782,1,0.8,128,8.5,57.6,0,0
Elfrid Payton,G,0.298,1.1,0.268,0.3,10.3,0.485,5,0.611,6.5,3.9,100,14.3,360,0,0
Gary Payton,G,0.317,4,0.369,1.5,14.3,0.485,6.9,0.684,4.1,2.8,120,18.1,3604.5000000000005,0,0
Gary Payton,G,0.154,2.6,0.302,0.8,12,0.485,5.8,0.652,3.5,2.3,63,14.7,27,0,0
Anthony Peeler,G,0.384,2.5,0.393,1,12.2,0.466,5.7,0.779,5.7,4.5,117,16.8,2481,0,1
Sam Perkins,F-C,0.362,1.4,0.25,0.3,10.1,0.576,5.8,0.796,5.2,4.2,135,15.9,2314.8,0,1
Elliot Perry,G,0.359,3.3,0.345,1.1,13.5,0.443,6,0.794,5.6,4.5,126,17.5,384.29999999999995,0,1
Wesley Person,G,0.418,5.5,0.441,2.4,14.2,0.504,7.1,0.747,3.2,2.4,108,19.1,2785.4,1,1
Alec Peters,F,0.222,5.2,0.416,2.2,12.1,0.487,5.9,0.846,4.2,3.6,134,17.5,45.6,0,0
Morris Peterson,F,0.373,2.8,0.377,1.1,8.5,0.484,4.1,0.746,3.1,2.3,137,11.6,2701.7999999999997,0,1
Eric Piatkowski,G-F,0.399,4.6,0.358,1.6,11.7,0.471,5.5,0.777,4,3.1,123,15.7,2130.3,0,1
Paul Pierce,F-G,0.368,2.8,0.355,1,12.4,0.481,6,0.697,4.9,3.4,108,16.4,5774.9,0,1
Quincy Pondexter,G-F,0.357,1.2,0.327,0.4,9.5,0.503,4.8,0.768,4.1,3.1,136,13.1,573.8,0,1
Mark Pope,F,0.179,0.9,0.414,0.4,6.1,0.526,3.2,0.774,3.4,2.6,125,9.4,61.2,0,0
Otto Porter,F,0.403,2.4,0.355,0.9,9.2,0.498,4.6,0.751,3.8,2.8,64,12.8,1060.2,1,1
Bobby Portis,F,0.347,0.9,0.365,0.3,11.2,0.526,5.9,0.737,3.9,2.9,70,15,374.29999999999995,0,1
James Posey,F-G,0.349,2.3,0.329,0.8,9.3,0.527,4.9,0.808,5.9,4.7,95,15.3,2937.6,0,1
Lavor Postell,G,0.25,2.2,0.326,0.7,8.9,0.43,3.8,0.789,3.4,2.7,129,11.1,42.699999999999996,0,0
Dwight Powell,F-C,0.293,0.8,0.289,0.2,8.2,0.464,3.8,0.722,4.1,3,136,10.8,177.1,0,0
Kasib Powell,F,0.242,0.7,0.217,0.1,11.9,0.492,5.9,0.629,5.1,3.2,67,15.1,33,0,0
Norman Powell,G,0.328,2.5,0.314,0.8,7.7,0.461,3.6,0.746,2.5,1.8,141,9.8,443.9,0,0
Alex Poythress,F,0.333,0.9,0.302,0.3,5.8,0.551,3.2,0.686,2.9,2,112,8.6,30,0,1
Phil Pressey,G,0.254,3.3,0.347,1.2,8.2,0.395,3.2,0.757,2.7,2.1,99,9.7,192.4,0,0
A.J. Price,G,0.316,4.4,0.365,1.6,10.5,0.413,4.3,0.722,3.7,2.7,99,13,678.6,0,0
Brent Price,G,0.387,5.6,0.41,2.3,10.7,0.454,4.9,0.818,4.2,3.4,124,15.5,919.6,0,1
Mark Price,G,0.402,5.9,0.44,2.6,13.8,0.487,6.7,0.85,4,3.4,126,17.4,2454.7999999999997,1,1
Ronnie Price,G,0.302,7,0.345,2.4,14.7,0.417,6.1,0.788,4,3.1,114,17.8,816,0,0
Tayshaun Prince,F,0.367,4.6,0.329,1.5,10.5,0.457,4.8,0.743,2.7,2,135,13.1,1525.5,0,1
Kevin Pritchard,G,0.186,2.7,0.406,1.1,8.9,0.487,4.3,0.774,3,2.3,139,12.2,47,0,0
Laron Profit,G-F,0.236,2.6,0.322,0.8,9.8,0.474,4.7,0.684,3.4,2.4,125,12.5,94.5,0,0
Gabe Pruitt,G,0.283,5.7,0.393,2.2,10.2,0.438,4.5,0.778,3.3,2.6,80,13.8,62,0,0
Rodney Purvis,G,0.244,4.6,0.363,1.7,10,0.416,4.1,0.638,2.6,1.6,137,11.6,44.800000000000004,0,0
Chris Quinn,G,0.377,4.7,0.417,1.9,8.9,0.446,4,0.825,2.3,1.9,123,11.8,433.8,0,1
Brian Quinnett,F,0.326,2.6,0.38,1,10.8,0.486,5.2,0.697,2.3,1.6,112,12.6,82.8,0,0
Mark Randall,F,0.154,0,0.167,0,7.9,0.62,4.9,0.651,4,2.6,132,12.3,38.1,0,0
Chasson Randle,G,0.34,5.5,0.386,2.1,12.3,0.428,5.3,0.806,4.8,3.8,144,16.5,46.800000000000004,0,1
Julius Randle,F-C,0.261,0.5,0.167,0.1,9.8,0.501,4.9,0.706,7.2,5.1,40,15,141.6,0,0
Anthony Randolph,F,0.241,0.6,0.105,0.1,12.7,0.464,5.9,0.693,5.4,3.7,31,15.6,75.6,0,0
Zach Randolph,F-C,0.273,0,0,0,7.1,0.587,4.2,0.635,3.8,2.4,33,10.8,781.1999999999999,0,0
Allan Ray,G,0.414,6.5,0.367,2.4,12.4,0.407,5.1,0.82,3.7,3.1,130,15.6,117.5,1,1
Eldridge Recasner,G,0.409,2.6,0.397,1,10.7,0.481,5.1,0.812,4,3.2,117,14.5,592,1,1
Michael Redd,G,0.38,4.1,0.319,1.3,16.3,0.448,7.3,0.649,5.7,3.7,96,19.6,2767.6000000000004,0,1
J.J. Redick,G,0.415,8.1,0.406,3.3,13.7,0.433,5.9,0.912,5.2,4.8,139,19.9,3491.3999999999996,1,1
Davon Reed,G,0.289,3.9,0.395,1.5,7.8,0.43,3.3,0.779,2.6,2,131,10.3,38,0,0
Khalid Reeves,G,0.363,3.8,0.38,1.5,10.5,0.479,5,0.763,4.6,3.5,128,15,637.0999999999999,0,1
Terrence Rencher,G,0.31,3.9,0.298,1.2,15.3,0.434,6.7,0.696,5.9,4.1,124,18.6,28.8,0,0
Shawn Respert,G,0.34,6.1,0.454,2.8,15.1,0.484,7.3,0.857,4.6,3.9,119,21.3,292.4,0,1
Glen Rice,F,0.4,2.8,0.48,1.3,13.1,0.569,7.5,0.797,2.8,2.3,134,18.2,3900,1,1
Glen Rice,G,0.25,3.3,0.346,1.1,8.4,0.435,3.6,0.611,2.4,1.5,87,9.9,24,0,0
Jason Richardson,G,0.37,2.1,0.383,0.8,7.4,0.503,3.7,0.649,2.1,1.4,70,9.6,4370.7,0,1
Josh Richardson,G,0.377,2.3,0.318,0.7,7.4,0.456,3.4,0.758,2.3,1.8,136,9.2,680.8000000000001,0,1
Malachi Richardson,G,0.294,6.1,0.353,2.1,11.1,0.369,4.1,0.72,4.2,3.1,37,13.4,67.19999999999999,0,0
Pooh Richardson,G,0.329,1.2,0.464,0.6,9.6,0.513,4.9,0.624,2.7,1.7,122,12,1086.3,0,0
Quentin Richardson,G,0.355,5,0.369,1.8,14,0.454,6.3,0.728,4.7,3.4,64,17.9,3288.6000000000004,0,1
Mitch Richmond,G,0.388,3.2,0.413,1.3,15.2,0.483,7.3,0.77,6.2,4.8,64,20.7,3416,0,1
Isaiah Rider,G,0.352,6.2,0.401,2.5,17.6,0.504,8.9,0.805,5.9,4.7,55,24.9,1914.2,0,1
Luke Ridnour,G,0.349,5.4,0.389,2.1,10.5,0.429,4.5,0.859,4.1,3.5,96,14.6,1660,0,1
Austin Rivers,G,0.356,4.7,0.365,1.7,11.8,0.433,5.1,0.658,5.4,3.6,34,15.5,1139.6,0,1
Andre Roberson,G-F,0.257,1.4,0.35,0.5,7.1,0.516,3.6,0.582,3.2,1.9,105,9.6,413,0,0
Anthony Roberson,G,0.356,7.2,0.402,2.9,12.5,0.444,5.5,0.864,2.6,2.3,93,16.2,143,0,1
Brian Roberts,G,0.356,5.3,0.441,2.3,11.5,0.452,5.2,0.849,3.4,2.9,125,15.7,596.6,0,1
Bernard Robinson,G-F,0.161,1.9,0.297,0.6,10.4,0.44,4.6,0.814,3.4,2.8,120,12.5,25.6,0,0
Chris Robinson,G,0.374,3,0.323,1,11.4,0.468,5.4,0.689,3.1,2.1,120,13.8,152,0,1
Clifford Robinson,F-C,0.356,0.4,0.333,0.1,12.7,0.452,5.7,0.641,5.8,3.7,109,15.3,3450,0,1
Glenn Robinson,F,0.34,4.6,0.385,1.8,20.7,0.479,9.9,0.773,7.7,5.9,62,27.5,1788.8,0,1
Glenn Robinson,G-F,0.374,2.4,0.313,0.7,8.8,0.525,4.6,0.718,2.9,2.1,76,12,205.2,0,1
James Robinson,G,0.348,6.3,0.371,2.3,14.8,0.447,6.6,0.697,4.8,3.4,96,18.9,1143,0,1
Larry Robinson,F-G,0.373,1.5,0.307,0.5,16.4,0.517,8.5,0.699,4.9,3.4,60,20.8,133.5,0,1
Nate Robinson,G,0.36,4.1,0.348,1.4,11,0.457,5,0.793,3.7,3,89,14.4,2224.8,0,1
Rumeal Robinson,G,0.344,2.1,0.411,0.9,9.8,0.528,5.2,0.666,5,3.3,100,14.5,336,0,1
Lou Roe,F,0.25,0.1,0.278,0,9.3,0.529,4.9,0.69,6.3,4.3,134,14.2,19.8,0,0
Carlos Rogers,C-F,0.258,0.2,0.25,0.1,12.4,0.603,7.5,0.629,6.5,4.1,79,19.1,119.2,0,0
Rodney Rogers,F,0.347,1.7,0.349,0.6,13.2,0.579,7.7,0.694,4.9,3.4,89,19.3,1991.8,0,1
Rajon Rondo,G,0.308,1.5,0.283,0.4,7.4,0.493,3.7,0.577,3.3,1.9,68,9.6,932.4,0,0
Derrick Rose,G,0.296,2.6,0.337,0.9,10.9,0.477,5.2,0.712,5.1,3.7,40,14.9,1232.5,0,0
Jalen Rose,G-F,0.355,3.6,0.336,1.2,13.3,0.464,6.2,0.738,5.4,4,102,17.5,2122.8999999999996,0,1
Quinton Ross,G,0.318,4.3,0.331,1.4,10.8,0.446,4.8,0.756,4.9,3.7,119,14.8,137.4,0,0
Terrence Ross,F-G,0.371,4.6,0.364,1.7,10.1,0.453,4.6,0.764,1.8,1.4,69,12.3,1804.0000000000002,0,1
Brandon Roy,G,0.348,1.5,0.344,0.5,10.1,0.512,5.2,0.765,4.5,3.5,103,14.3,912.8,0,1
Terry Rozier,G,0.358,3.5,0.331,1.2,10.3,0.408,4.2,0.772,3.1,2.4,73,12,595.2,0,1
Delaney Rudd,G,0.257,0.9,0.448,0.4,9.9,0.495,4.9,0.805,2.1,1.7,114,11.7,167.29999999999998,0,0
Trevor Ruffin,G,0.371,5.8,0.366,2.1,14.4,0.423,6.1,0.726,3.6,2.6,57,17,385,0,1
Brandon Rush,G-F,0.402,4.3,0.435,1.9,10.9,0.449,4.9,0.733,2.5,1.8,109,13.6,1298.7,1,1
Kareem Rush,G,0.358,6.4,0.422,2.7,14.7,0.445,6.5,0.777,4,3.1,84,18.9,795.8,0,1
Bryon Russell,F,0.369,1,0.344,0.4,8.2,0.513,4.2,0.683,4.2,2.9,86,11.7,1850.2,0,1
D'Angelo Russell,G,0.346,6.6,0.411,2.7,14.7,0.449,6.6,0.756,4.5,3.4,35,19.3,1020.6,0,1
Domantas Sabonis,F-C,0.327,0.2,0.357,0.1,8.2,0.632,5.2,0.729,4.2,3.1,74,13.5,200.20000000000002,0,0
John Salmons,G,0.366,2.2,0.321,0.7,7.7,0.466,3.6,0.805,3.1,2.5,124,10.4,1969.0000000000002,0,1
JaKarr Sampson,G-F,0.251,0.2,0.077,0,12.4,0.469,5.8,0.607,3.7,2.2,66,13.9,200.4,0,0
Jeryl Sasser,G,0.295,4.1,0.28,1.1,14.6,0.394,5.8,0.71,6.2,4.4,117,17,41,0,0
Kenny Satterfield,G,0.218,3,0.323,1,9.8,0.403,3.9,0.78,3.9,3.1,68,11.9,52.5,0,0
Predrag Savovic,G,0.154,4.7,0.366,1.7,10.3,0.428,4.4,0.786,4.1,3.3,106,13.8,27,0,0
Brian Scalabrine,F,0.344,1.5,0.343,0.5,11.2,0.513,5.7,0.77,4.8,3.7,92,15.7,520,0,1
Dennis Scott,F,0.397,8.4,0.422,3.5,16.6,0.452,7.5,0.777,3.6,2.8,99,21.4,3082.1000000000004,0,1
Mike Scott,F,0.353,0.3,0.364,0.1,8.6,0.521,4.5,0.775,3.5,2.7,130,11.8,745.5,0,1
Malik Sealy,G,0.292,1.3,0.247,0.3,14.4,0.494,7.1,0.712,6.2,4.4,127,18.9,542.3000000000001,0,0
Josh Selby,G,0.143,3.6,0.362,1.3,7.4,0.373,2.8,0.757,1.4,1.1,26,7.9,22.8,0,0
Wayne Selden,G-F,0.373,4.1,0.366,1.5,8.9,0.436,3.9,0.632,2.8,1.8,109,11,151.9,0,1
Ansu Sesay,F,0.276,2.1,0.268,0.6,10.4,0.428,4.4,0.724,4.9,3.6,110,13,25.400000000000002,0,0
Ramon Sessions,G,0.316,0.8,0.313,0.3,7.6,0.417,3.2,0.74,3,2.2,97,8.8,690,0,0
Brian Shaw,G,0.304,2,0.379,0.7,8.9,0.434,3.9,0.728,2.6,1.9,100,10.1,1414.5,0,0
Iman Shumpert,G,0.338,4,0.305,1.2,10.6,0.396,4.2,0.738,4.1,3.1,92,12.7,1152,0,1
Pascal Siakam,F,0.207,0.3,0.176,0,11.8,0.551,6.5,0.711,5,3.5,68,16.6,134,0,0
Bobby Simmons,G-F,0.396,3.9,0.331,1.3,10.1,0.428,4.3,0.783,4.6,3.6,93,13.6,932,0,1
Jonathon Simmons,G-F,0.331,2.8,0.386,1.1,10,0.512,5.1,0.716,4.7,3.4,30,14.7,343.4,0,1
Kobi Simmons,G,0.273,2.6,0.327,0.9,7.6,0.395,3,0.775,2.4,1.9,37,8.7,33,0,0
Lionel Simmons,F,0.305,1,0.415,0.4,18.9,0.501,9.5,0.722,7.1,5.1,131,24.6,136.2,0,0
Henry Sims,C,0.174,0.1,0.118,0,3.7,0.479,1.8,0.654,2,1.3,121,4.9,27,0,0
Kyle Singler,F,0.362,5,0.363,1.8,12.7,0.433,5.5,0.773,4.3,3.4,148,16.2,818.8,0,1
Sean Singletary,G,0.4,5,0.362,1.8,12.9,0.406,5.2,0.846,5.5,4.7,123,16.9,25.9,1,1
Chris Singleton,F,0.319,3.3,0.33,1.1,8.4,0.419,3.5,0.592,3.5,2.1,95,10.3,177.6,0,0
James Singleton,F,0.292,0.7,0.429,0.3,8.8,0.567,5,0.794,4.1,3.3,60,13.5,121.5,0,0
Peyton Siva,G,0.28,2.4,0.291,0.7,6.9,0.417,2.9,0.737,2.8,2,144,8.4,24,0,0
Scott Skiles,G,0.379,1.7,0.5,0.8,13.8,0.516,7.1,0.85,4.4,3.8,118,18.2,1380,0,1
Tamar Slay,G,0.265,5.7,0.386,2.2,12.4,0.443,5.5,0.749,3.4,2.5,114,15.7,46.199999999999996,0,0
Donald Sloan,G,0.31,2.5,0.336,0.8,8.8,0.428,3.8,0.732,3.6,2.7,138,11,305.2,0,0
Marcus Smart,G,0.293,4.6,0.295,1.4,11.9,0.413,4.9,0.751,7.3,5.5,64,16.6,1096.2,0,0
Charles Smith,F-C,0.194,0.2,0.273,0,11.6,0.5,5.8,0.753,6.8,5.1,122,16.8,112.80000000000001,0,0
Charles Smith,G,0.288,4.8,0.342,1.6,13,0.449,5.8,0.731,3.4,2.5,126,15.8,255.6,0,0
Chris Smith,G,0.366,4.8,0.4,1.9,13.6,0.421,5.7,0.761,4.6,3.5,127,16.9,156.79999999999998,0,1
Dennis Smith,G,0.313,4.8,0.359,1.7,13.1,0.455,6,0.715,6.3,4.5,32,18.1,338.1,0,0
Ish Smith,G,0.299,1.8,0.301,0.5,8.9,0.425,3.8,0.484,2.3,1.1,121,9.2,484,0,0
Jason Smith,F-C,0.332,0.3,0.308,0.1,9.6,0.548,5.2,0.751,5.5,4.1,87,14.7,238,0,1
Kenny Smith,G,0.399,6.3,0.408,2.6,9.7,0.512,4.9,0.823,2.8,2.3,127,12.9,1695.1,0,1
LaBradford Smith,G,0.298,2.9,0.339,1,9.3,0.481,4.5,0.866,4.3,3.7,133,13.6,109.8,0,0
Michael Smith,F,0.15,2.9,0.43,1.2,14.3,0.507,7.3,0.878,4,3.5,122,19,56.400000000000006,0,0
Nolan Smith,G,0.26,3.2,0.368,1.2,10.4,0.448,4.7,0.8,3.6,2.9,143,13.4,75.60000000000001,0,0
Otis Smith,G-F,0.251,0.2,0.286,0.1,12.3,0.477,5.9,0.73,4,2.9,117,14.6,187.5,0,0
Steve Smith,G,0.358,2.9,0.416,1.2,13.9,0.487,6.8,0.756,5,3.8,122,18.5,3202.7999999999997,0,1
Theron Smith,F,0.375,3.2,0.37,1.2,11.7,0.479,5.6,0.725,5.1,3.7,99,16.2,26.5,0,1
Tony Smith,G,0.307,1.1,0.43,0.5,10.4,0.521,5.4,0.785,4.5,3.6,114,14.8,411.3,0,0
Tony Snell,G-F,0.38,4.2,0.38,1.6,7.1,0.421,3,0.821,1.9,1.6,104,9.2,1134.6000000000001,0,1
Eric Snow,G,0.208,0.7,0.263,0.2,4.6,0.521,2.4,0.459,2,0.9,113,5.9,253.79999999999998,0,0
Kirk Snyder,G,0.327,4.1,0.31,1.3,13.3,0.426,5.7,0.677,6,4.1,84,16.7,274.3,0,0
Will Solomon,G,0.298,6.2,0.366,2.3,12.7,0.392,5,0.717,4.1,3,94,15.2,253.00000000000003,0,0
Latrell Sprewell,G,0.337,2.7,0.399,1.1,10.1,0.499,5,0.74,3.2,2.3,68,13.5,3286.8,0,1
Jerry Stackhouse,G-F,0.309,1.6,0.355,0.6,10.3,0.496,5.1,0.72,6.7,4.9,69,15.7,3201,0,0
John Starks,G,0.34,3.6,0.38,1.4,10.3,0.497,5.1,0.838,4.5,3.8,30,15.4,3550.6,0,1
Nik Stauskas,G,0.351,5.2,0.441,2.3,9.2,0.467,4.3,0.832,3.9,3.2,75,14.1,927.5,0,1
Lance Stephenson,G-F,0.304,2.1,0.219,0.5,10.8,0.44,4.8,0.664,3.5,2.3,34,12.3,878,0,0
Larry Stewart,F,0.205,0,0.333,0,11.5,0.646,7.4,0.737,7,5.2,91,20,54,0,0
Bryant Stith,G,0.329,2.5,0.353,0.9,13.5,0.483,6.5,0.789,6.7,5.3,131,19.2,937.6,0,0
Julyan Stone,G,0.276,1.4,0.265,0.4,4.3,0.425,1.8,0.617,2.9,1.8,138,5.8,27.6,0,0
Awvee Storey,G-F,0.25,0.1,0.2,0,8.1,0.459,3.7,0.613,2.5,1.5,102,9,18,0,0
Damon Stoudamire,G,0.357,5.5,0.402,2.2,10.9,0.457,5,0.804,3.5,2.8,123,15,3424.2,0,1
Salim Stoudamire,G,0.366,5.8,0.458,2.7,10.1,0.471,4.8,0.87,3.5,3,129,15.2,455.3,0,1
D.J. Strawberry,G,0.24,1.9,0.33,0.6,7.8,0.461,3.6,0.64,3.7,2.3,111,10.1,26.400000000000002,0,0
Erick Strickland,G,0.351,4,0.349,1.4,9.6,0.439,4.2,0.776,3.4,2.7,127,12.5,1152.3,0,1
Rod Strickland,G,0.282,1.2,0.464,0.6,12.3,0.534,6.6,0.626,5,3.1,87,16.6,656.4,0,0
Rodney Stuckey,G,0.3,5.2,0.317,1.7,17.1,0.472,8.1,0.806,8.1,6.5,59,24.4,911.4,0,0
Jared Sullinger,F,0.272,0.7,0.365,0.3,11.5,0.53,6.1,0.733,6.7,4.9,74,17.3,511.09999999999997,0,0
DaJuan Summers,F,0.367,4.1,0.353,1.4,8.3,0.439,3.6,0.727,3.4,2.5,101,11.2,83,0,1
Bob Sura,G,0.325,5.4,0.336,1.8,13.7,0.45,6.1,0.652,5.8,3.8,119,17.9,1314,0,0
Greg Sutton,G,0.361,9,0.331,3,20.1,0.379,7.6,0.656,5.6,3.7,28,21.9,319.2,0,1
Wally Szczerbiak,F,0.406,4.5,0.431,1.9,12.5,0.512,6.4,0.809,3.5,2.9,105,17.6,1432.2,1,1
Jayson Tatum,F,0.431,4,0.342,1.4,12.6,0.452,5.7,0.849,4.8,4.1,29,16.8,237,1,1
Isaiah Taylor,G,0.247,1.3,0.294,0.4,11.1,0.404,4.5,0.792,5.4,4.3,92,13.6,84,0,0
Jeffery Taylor,F,0.319,2.4,0.358,0.9,10.3,0.483,5,0.693,4.9,3.4,134,14.2,250.79999999999998,0,0
Jermaine Taylor,G,0.284,5.5,0.376,2.1,12.5,0.466,5.8,0.764,3.3,2.5,122,16.2,65,0,0
Mike Taylor,G,0.325,6.9,0.36,2.5,14.2,0.376,5.3,0.682,4.2,2.8,31,16,40.800000000000004,0,0
Tyshawn Taylor,G,0.36,2.2,0.37,0.8,7.9,0.477,3.8,0.708,3.5,2.5,146,10.8,24.400000000000002,0,1
Jeff Teague,G,0.356,3,0.421,1.3,11.2,0.462,5.2,0.812,5.9,4.8,61,16.4,1670,0,1
Marquis Teague,G,0.222,2,0.325,0.7,8.8,0.412,3.6,0.714,3,2.1,40,10,45.5,0,0
Garrett Temple,G,0.357,3,0.278,0.8,5.9,0.371,2.2,0.783,1.9,1.5,134,6.7,965.8000000000001,0,1
Jason Terry,G,0.38,4,0.374,1.5,8.6,0.443,3.8,0.784,2.9,2.3,129,11.3,6054.4,0,1
Billy Thomas,G,0.304,5,0.389,2,7,0.427,3,0.722,0.7,0.5,137,8.4,100.69999999999999,0,0
Carl Thomas,G,0.315,3.9,0.418,1.6,7.7,0.475,3.7,0.753,2,1.5,113,10.4,75.6,0,0
Charles Thomas,G,0.118,2.9,0.361,1.1,5.1,0.447,2.3,0.742,1.1,0.8,109,6.5,18,0,0
Isaiah Thomas,G,0.361,4.8,0.325,1.6,12.4,0.426,5.3,0.713,6,4.3,105,16.4,2554.2000000000003,0,1
Kenny Thomas,F,0.244,1.5,0.353,0.5,10.1,0.537,5.4,0.74,5.9,4.3,123,15.7,252.8,0,0
Tim Thomas,F,0.369,4.4,0.336,1.5,13,0.45,5.8,0.796,4.8,3.8,32,16.9,2636.8,0,1
Brooks Thompson,G,0.376,5.5,0.4,2.2,10.4,0.441,4.6,0.753,3,2.3,123,13.6,403.2,0,1
Hollis Thompson,G-F,0.386,2.9,0.44,1.3,6.5,0.478,3.1,0.676,1.7,1.2,99,8.7,954,0,1
Klay Thompson,G-F,0.422,6.3,0.39,2.5,14.4,0.424,6.1,0.827,3.9,3.2,98,17.9,3698.4,1,1
Al Thornton,F,0.293,1.2,0.438,0.5,8.3,0.528,4.4,0.701,4.2,3,124,12.3,266.40000000000003,0,0
Marcus Thornton,G,0.358,6.7,0.382,2.5,15.6,0.455,7.1,0.771,4.8,3.7,66,20.4,2028.6000000000001,0,1
Sindarius Thornwell,G,0.327,4,0.339,1.4,11.5,0.392,4.5,0.771,5.6,4.3,132,14.7,56.800000000000004,0,0
Jamaal Tinsley,G,0.299,2.3,0.327,0.8,10.8,0.388,4.2,0.685,4.9,3.4,68,12.5,1312.8,0,0
Tom Tolbert,F-C,0.296,0.3,0.45,0.1,8.9,0.526,4.7,0.767,4.3,3.3,76,12.8,93.6,0,0
Anthony Tolliver,F-C,0.375,0.5,0.333,0.2,5.8,0.491,2.9,0.671,3.3,2.2,124,8.1,1910.4,0,1
Andy Toolson,G-F,0.341,3.7,0.437,1.6,8.3,0.487,4,0.776,3.4,2.6,117,11.9,42,0,1
Karl-Anthony Towns,C-F,0.387,0.2,0.25,0.1,6.6,0.566,3.7,0.813,3.4,2.8,39,10.3,658.8000000000001,0,1
Alando Tucker,F,0.294,2.5,0.307,0.8,12.4,0.48,6,0.636,6.1,3.9,134,16.5,35.699999999999996,0,0
P.J. Tucker,F,0.357,0,0.5,0,9.6,0.526,5,0.711,4.7,3.3,87,13.4,1195.2,0,1
Evan Turner,G,0.303,1.5,0.362,0.5,10.6,0.502,5.3,0.758,5,3.8,101,15,855.4,0,0
Myles Turner,C-F,0.35,1.8,0.274,0.5,7.6,0.455,3.4,0.839,3.3,2.8,34,10.1,287,0,1
B.J. Tyler,G,0.314,6.5,0.361,2.4,13,0.435,5.7,0.741,4.1,3,93,16.7,49.5,0,0
Ime Udoka,F,0.356,2,0.283,0.6,7.2,0.377,2.7,0.717,3.4,2.4,45,8.5,600.4,0,1
Tyler Ulis,G,0.279,3.3,0.371,1.2,8.4,0.427,3.6,0.846,3.4,2.9,72,11.3,222.7,0,0
Denzel Valentine,G,0.374,4.5,0.408,1.8,9.1,0.442,4,0.779,2,1.5,144,11.4,576.1999999999999,0,1
Nick Van Exel,G,0.357,6.3,0.358,2.3,12.9,0.409,5.3,0.701,3.4,2.4,65,15.2,4312,0,1
Keith Van Horn,F,0.361,4.2,0.401,1.7,14,0.522,7.3,0.851,5.3,4.5,122,20.8,1667.5,0,1
Fred VanVleet,G,0.41,2.6,0.386,1,7.7,0.426,3.3,0.805,3.3,2.6,141,10.2,291.2,1,1
Greivis Vasquez,G,0.349,5.1,0.329,1.7,13,0.425,5.5,0.828,3.9,3.2,136,16,1162.8999999999999,0,1
Jacque Vaughn,G,0.352,2.2,0.383,0.8,6.6,0.459,3,0.708,3.7,2.7,126,9.6,232.79999999999998,0,1
Rashad Vaughn,G,0.313,6.1,0.383,2.3,14.3,0.439,6.3,0.694,4.3,3,23,17.8,264.09999999999997,0,0
Charlie Villanueva,F,0.341,1,0.393,0.4,8.3,0.518,4.3,0.681,3.2,2.2,63,11.2,2099.2000000000003,0,1
Sam Vincent,G,0.182,0.4,0.455,0.2,12.7,0.491,6.2,0.803,5.4,4.3,110,16.8,79.2,0,0
Noah Vonleh,F,0.297,1.1,0.485,0.5,7.2,0.523,3.8,0.716,4.5,3.2,30,11.3,138.6,0,0
Nikola Vucevic,C,0.309,1.4,0.303,0.4,8.3,0.509,4.2,0.746,2.9,2.2,87,11.1,317.79999999999995,0,0
Dwyane Wade,G,0.288,1.5,0.333,0.5,14.8,0.494,7.3,0.745,6.2,4.6,65,19.7,1568,0,0
Von Wafer,G,0.325,4.9,0.365,1.8,8.7,0.405,3.5,0.669,1.9,1.3,61,10.1,320,0,0
Dajuan Wagner,G,0.321,5.8,0.317,1.8,18,0.41,7.4,0.722,6.4,4.6,36,21.2,288.4,0,0
Milt Wagner,G,0.296,0.1,0.5,0.1,10.4,0.5,5.2,0.814,2.9,2.3,144,12.8,26.5,0,0
Dion Waiters,G,0.341,2.8,0.348,1,7.7,0.453,3.5,0.753,2.3,1.8,71,9.7,1314,0,1
Antoine Walker,F,0.325,1.5,0.252,0.4,10.4,0.449,4.7,0.66,2.9,1.9,69,11.7,4286.4,0,0
Henry Walker,F,0.369,3.3,0.285,0.9,12.3,0.456,5.6,0.727,4.4,3.2,37,15.3,506.79999999999995,0,1
Kemba Walker,G,0.358,3.5,0.326,1.1,12.2,0.428,5.2,0.783,5.8,4.5,111,16.1,2871,0,1
John Wall,G,0.325,3.1,0.325,1,11.8,0.461,5.5,0.754,6.3,4.7,37,16.6,1512,0,0
Gerald Wallace,F,0.312,1.8,0.175,0.3,8,0.438,3.5,0.568,4.3,2.4,36,9.8,1331.2,0,0
Rasheed Wallace,F-C,0.336,0.1,0.25,0,8.6,0.635,5.5,0.621,3.4,2.1,69,13,3216.1,0,1
Tyrone Wallace,G,0.278,3.1,0.292,0.9,11,0.415,4.6,0.613,4.2,2.6,129,12.6,36.4,0,0
Taurean Waller-Prince,F,0.375,2.7,0.376,1,7.9,0.46,3.6,0.718,2.8,2,129,10.2,546,0,1
Rex Walters,G,0.361,4.1,0.426,1.7,9,0.5,4.5,0.837,3.1,2.6,120,13.4,502.5,0,1
Derrick Walton,G,0.412,4.6,0.401,1.8,8.4,0.404,3.4,0.837,3.5,2.9,127,11.6,17.6,1,1
Luke Walton,F,0.326,1.8,0.284,0.5,7.6,0.426,3.3,0.685,3.1,2.1,129,9.1,564,0,0
Charlie Ward,G,0.364,2.5,0.323,0.8,6.5,0.441,2.9,0.636,2.4,1.5,91,8.1,1764,0,1
Casper Ware,G,0.333,4.7,0.349,1.6,11.1,0.402,4.5,0.784,4.4,3.5,131,14.1,20.7,0,1
T.J. Warren,F,0.283,2,0.315,0.6,13.6,0.555,7.5,0.654,4.3,2.8,70,18.5,283.40000000000003,0,0
Hakim Warrick,F,0.191,0.3,0.25,0.1,10.6,0.536,5.7,0.659,5.9,3.9,135,15.4,105.2,0,0
Eric Washington,G,0.346,6.1,0.386,2.3,10.9,0.435,4.7,0.785,2.4,1.9,112,13.7,239.2,0,1
C.J. Watson,G,0.373,3.5,0.396,1.4,8.4,0.432,3.6,0.777,4.3,3.4,119,12,1260,0,1
Earl Watson,G,0.324,3,0.341,1,8.9,0.45,4,0.654,3.3,2.2,129,11.2,1580.4,0,0
Jamie Watson,F,0.316,1.9,0.248,0.5,10,0.45,4.5,0.63,2.9,1.8,115,11.3,40.800000000000004,0,0
Maalik Wayns,G,0.226,3.4,0.291,1,9.7,0.412,4,0.848,4.2,3.6,95,12.5,31.900000000000002,0,0
Travis Wear,F,0.37,0.4,0.4,0.2,6.6,0.504,3.3,0.798,1.8,1.4,128,8.2,72.60000000000001,0,1
Kyle Weaver,G,0.353,1.3,0.277,0.4,7.2,0.464,3.3,0.716,3.6,2.6,121,9.6,116.80000000000001,0,1
Chris Webber,F-C,0.299,1.9,0.306,0.6,12.4,0.589,7.3,0.53,4.2,2.2,70,17.4,914.1,0,0
Briante Weber,G,0.192,1.1,0.274,0.3,5.5,0.426,2.3,0.769,2.4,1.8,127,6.8,27,0,0
Sonny Weems,G-F,0.283,3.7,0.366,1.3,11,0.473,5.2,0.767,2.1,1.6,69,13.3,128.1,0,0
Bonzi Wells,G-F,0.327,3.8,0.325,1.2,16.4,0.48,7.9,0.681,6.5,4.5,116,21.4,709.1999999999999,0,0
David Wesley,G,0.368,4.7,0.377,1.8,11.9,0.441,5.3,0.828,6.3,5.2,70,17.5,3036.8,0,1
David West,F-C,0.265,0.4,0.327,0.1,10.8,0.531,5.8,0.757,6.9,5.3,126,16.9,206.60000000000002,0,0
Delonte West,G,0.372,3.4,0.377,1.3,10.3,0.489,5.1,0.831,3,2.5,89,13.9,993.5999999999999,0,1
Doug West,G-F,0.191,3.6,0.394,1.4,11.6,0.486,5.6,0.716,3.4,2.4,138,14.8,202.79999999999998,0,0
Russell Westbrook,G,0.311,1.3,0.354,0.5,6.6,0.464,3.1,0.685,2.4,1.7,75,8.3,2611,0,0
DeJuan Wheat,G,0.39,6.3,0.377,2.4,11.8,0.452,5.3,0.755,4,3,136,16.1,80,0,1
Andrew White,G,0.367,5,0.395,2,8.5,0.452,3.8,0.786,2.5,2,111,11.6,49.5,0,1
James White,G-F,0.34,2.9,0.336,1,7.8,0.444,3.5,0.784,3,2.4,123,10.3,46.9,0,1
Okaro White,F,0.356,1.5,0.327,0.5,6.8,0.494,3.4,0.799,3.6,2.9,139,10.1,45.1,0,1
Randy White,F,0.193,0.6,0.426,0.2,9.7,0.592,5.8,0.689,5.3,3.6,127,15.3,140.5,0,0
Rodney White,F,0.314,3.4,0.347,1.2,13.8,0.487,6.7,0.713,5.7,4.1,28,18.7,283.40000000000003,0,0
Isaiah Whitehead,G,0.305,5.8,0.359,2.1,13.6,0.375,5.1,0.757,4.6,3.5,56,15.8,169.1,0,0
Donald Whiteside,G,0.324,4.8,0.426,2,8.6,0.428,3.7,0.789,2.8,2.2,100,11.6,36,0,0
Chris Whitney,G,0.361,7,0.413,2.9,10.8,0.427,4.6,0.788,3.1,2.4,58,14.6,1505.4,0,1
Andrew Wiggins,F-G,0.329,3.6,0.341,1.2,12.1,0.448,5.4,0.775,6.5,5,35,17.1,942.5,0,0
C.J. Wilcox,G,0.333,5.9,0.389,2.3,11.3,0.433,4.9,0.84,2.7,2.3,131,14.4,59.4,0,1
Morlon Wiley,G,0.354,2.9,0.39,1.1,10.6,0.448,4.8,0.78,2.6,2,113,12.7,354,0,1
Damien Wilkins,F-G,0.327,2.3,0.305,0.7,8.8,0.408,3.6,0.725,4.2,3.1,117,10.9,640.2,0,0
Mike Wilks,G,0.321,2.6,0.346,0.9,8.7,0.409,3.6,0.729,4.2,3.1,117,11.1,116.5,0,0
Alvin Williams,G,0.313,2.9,0.35,1,8.4,0.443,3.7,0.726,3.4,2.4,131,10.9,644,0,0
C.J. Williams,G,0.31,1.7,0.307,0.5,5.3,0.463,2.5,0.732,0.9,0.6,128,6.1,72,0,0
Deron Williams,G,0.357,4.3,0.374,1.6,9.4,0.422,4,0.685,2.1,1.5,101,11,3295.5,0,1
Derrick Williams,F,0.3,1.3,0.511,0.7,9.6,0.586,5.6,0.719,8.2,5.9,69,17.8,856,0,0
Elliot Williams,G,0.31,2.9,0.345,1,7.6,0.454,3.4,0.719,4.4,3.2,68,11.1,174.4,0,0
Eric Williams,F,0.318,1.4,0.349,0.5,12.9,0.453,5.8,0.673,6.7,4.5,60,16.7,658,0,0
Frank Williams,G,0.3,4.1,0.326,1.3,11.7,0.396,4.6,0.807,4.6,3.7,101,14.3,77.4,0,0
Jason Williams,G,0.327,4.7,0.394,1.9,11,0.483,5.3,0.793,3,2.4,48,14.9,3782.3999999999996,0,0
Jawad Williams,F,0.313,2.8,0.349,1,9.5,0.487,4.6,0.724,3.5,2.5,128,12.7,144,0,0
Jay Williams,G,0.322,7.4,0.393,2.9,14.6,0.453,6.6,0.671,4.7,3.1,108,19.3,202.5,0,0
Marcus Williams,G,0.321,2.1,0.375,0.8,7.2,0.402,2.9,0.791,3,2.4,70,9,385.7,0,0
Marvin Williams,F,0.36,1.2,0.432,0.5,6.9,0.506,3.5,0.847,4.5,3.8,36,11.3,2345,0,1
Micheal Williams,G,0.227,2.3,0.349,0.8,11.8,0.485,5.7,0.738,5.7,4.2,115,16.1,206.5,0,0
Mo Williams,G,0.378,4.8,0.294,1.4,10.9,0.405,4.4,0.847,3.4,2.8,64,13.1,2863,0,1
Reggie Williams,F-G,0.298,5.9,0.386,2.3,12,0.49,5.9,0.768,4,3.1,138,15.3,1257.9,0,0
Reggie Williams,F,0.365,5.8,0.302,1.8,16.7,0.498,8.3,0.703,6.3,4.4,112,22.8,535.6,0,1
Shammond Williams,G,0.366,4.3,0.403,1.7,7.6,0.455,3.4,0.849,2.6,2.2,134,10.8,715.0000000000001,0,1
Shawne Williams,F,0.339,4.3,0.312,1.3,10.4,0.416,4.3,0.786,4,3.2,36,13.2,816.4,0,1
Terrence Williams,F,0.317,4.4,0.32,1.4,10.3,0.4,4.1,0.589,2.6,1.5,140,11.2,183.6,0,0
Troy Williams,F,0.29,1.2,0.325,0.4,8,0.522,4.2,0.705,3.6,2.6,99,11.3,102,0,0
Walt Williams,F-G,0.379,4.1,0.359,1.5,11.9,0.466,5.6,0.762,4.8,3.7,105,16.2,2548.8,0,1
Dedric Willoughby,G-F,0.296,6.7,0.389,2.6,11.4,0.421,4.8,0.796,4.5,3.6,93,15.7,97.5,0,0
Jamil Wilson,F,0.429,2,0.336,0.7,7.1,0.437,3.1,0.708,2.2,1.5,127,8.5,63,1,1
Dontonio Wingfield,F,0.309,3.8,0.404,1.5,13.2,0.422,5.6,0.669,5,3.3,29,16,148.20000000000002,0,0
Justise Winslow,F,0.317,2.8,0.418,1.2,9.1,0.486,4.4,0.641,4,2.6,39,12.6,275.4,0,0
Joe Wolf,F-C,0.164,1.2,0.575,0.7,7.3,0.551,4,0.765,1.9,1.5,128,9.6,118.4,0,0
Nate Wolters,G,0.261,3.6,0.342,1.2,13.5,0.45,6.1,0.803,6.4,5.1,127,18.5,67.2,0,0
David Wood,F,0.338,1.9,0.416,0.8,7.4,0.488,3.6,0.702,2.9,2.1,58,10.4,329.6,0,1
Leon Wood,G,0.326,2.2,0.444,1,12.8,0.472,6.1,0.808,6,4.9,115,17.2,520.6,0,0
Randy Woods,G,0.305,9,0.352,3.2,16.4,0.413,6.8,0.794,4.9,3.9,88,20.6,181.2,0,0
Haywoode Workman,G,0.323,3.6,0.31,1.1,14.8,0.425,6.3,0.788,5.1,4,85,17.7,359,0,0
Metta World Peace,F,0.339,3.8,0.355,1.3,10.9,0.445,4.9,0.589,3.6,2.1,69,13.1,3369.4,0,1
Antoine Wright,G-F,0.304,5.5,0.376,2.1,13,0.412,5.4,0.648,4,2.6,87,15.4,504.9,0,0
Bracey Wright,G,0.324,6.3,0.35,2.2,13.6,0.405,5.5,0.776,5.7,4.4,85,17.6,36.4,0,0
Delon Wright,G,0.366,1.9,0.299,0.6,9.3,0.535,5,0.814,5.5,4.5,68,15,193.60000000000002,0,1
Julian Wright,F,0.262,0.2,0.188,0,8,0.555,4.4,0.591,2.5,1.5,71,10.4,69.3,0,0
Tony Wroten,G,0.231,1.6,0.161,0.3,12.8,0.443,5.7,0.583,7.5,4.4,35,16,362.5,0,0
Vincent Yarbrough,G-F,0.269,4.1,0.34,1.4,11,0.44,4.8,0.687,3.8,2.6,127,13.7,76.7,0,0
Danny Young,G,0.327,2.4,0.37,0.9,7.9,0.475,3.7,0.708,2.7,1.9,122,9.6,574,0,0
James Young,G-F,0.277,5.9,0.349,2.1,11.3,0.407,4.6,0.706,4.4,3.1,40,14.3,133,0,0
Joe Young,G,0.295,5.6,0.39,2.2,13,0.453,5.9,0.886,3.9,3.5,132,17.5,126,0,0
Nick Young,G-F,0.376,2.7,0.368,1,11.9,0.484,5.8,0.764,3.9,3,96,15.5,2788.5,0,1
Sam Young,F,0.28,2.3,0.356,0.8,10.1,0.498,5,0.692,3.4,2.4,143,13.2,174.29999999999998,0,0
Thaddeus Young,F,0.326,3,0.419,1.3,11.9,0.478,5.7,0.743,2.3,1.7,31,14.4,1066,0,0
